499 12 508 13 505 41 496 41 large-vehicle P0000__1__3075___1200 0.47
491 12 500 13 497 41 488 41 large-vehicle P0000__1__3075___1200 0.47
507 20 516 21 513 49 504 49 large-vehicle P0000__1__3075___1200 0.46
482 12 492 13 489 41 480 40 large-vehicle P0000__1__3075___1200 0.44
159 547 283 546 285 673 160 674 plane P0000__1__3075___1200 0.43
515 20 524 21 521 49 512 48 large-vehicle P0000__1__3075___1200 0.43
523 20 532 21 529 49 520 48 large-vehicle P0000__1__3075___1200 0.39
474 13 483 14 481 41 472 40 large-vehicle P0000__1__3075___1200 0.39
491 37 505 36 505 54 492 54 large-vehicle P0000__1__3075___1200 0.38
530 21 539 21 537 49 528 48 large-vehicle P0000__1__3075___1200 0.34
95 483 220 482 221 609 96 610 plane P0000__1__3075___1200 0.34
95 611 220 610 221 737 96 738 plane P0000__1__3075___1200 0.33
466 13 475 14 473 41 464 40 large-vehicle P0000__1__3075___1200 0.32
500 45 513 44 513 62 500 62 large-vehicle P0000__1__3075___1200 0.32
508 13 521 13 521 30 508 30 large-vehicle P0000__1__3075___1200 0.32
476 37 489 36 489 54 476 54 large-vehicle P0000__1__3075___1200 0.32
516 45 529 44 529 62 516 62 large-vehicle P0000__1__3075___1200 0.30
484 45 497 44 497 62 484 62 large-vehicle P0000__1__3075___1200 0.29
538 21 547 21 545 49 536 48 large-vehicle P0000__1__3075___1200 0.27
458 13 467 14 465 41 456 40 large-vehicle P0000__1__3075___1200 0.26
524 13 537 13 538 30 524 30 large-vehicle P0000__1__3075___1200 0.25
508 53 521 52 522 70 508 70 large-vehicle P0000__1__3075___1200 0.24
223 483 347 482 348 609 224 610 plane P0000__1__3075___1200 0.23
492 53 505 52 505 70 492 70 large-vehicle P0000__1__3075___1200 0.23
532 45 545 44 546 61 532 62 large-vehicle P0000__1__3075___1200 0.23
460 37 473 36 474 54 460 54 large-vehicle P0000__1__3075___1200 0.22
31 547 156 546 157 673 32 674 plane P0000__1__3075___1200 0.21
159 419 284 418 285 545 160 546 plane P0000__1__3075___1200 0.21
468 45 481 44 482 62 468 62 large-vehicle P0000__1__3075___1200 0.21
524 53 537 52 538 69 524 70 large-vehicle P0000__1__3075___1200 0.21
449 14 459 14 457 41 447 40 large-vehicle P0000__1__3075___1200 0.20
492 5 506 5 506 21 492 22 large-vehicle P0000__1__3075___1200 0.20
546 21 555 22 553 49 544 48 large-vehicle P0000__1__3075___1200 0.20
506 -0 515 0 513 25 504 24 large-vehicle P0000__1__3075___1200 0.19
223 611 347 610 348 737 224 738 plane P0000__1__3075___1200 0.19
476 5 490 5 490 21 476 22 large-vehicle P0000__1__3075___1200 0.19
476 53 489 52 490 70 476 70 large-vehicle P0000__1__3075___1200 0.18
490 35 513 31 515 38 491 42 large-vehicle P0000__1__3075___1200 0.16
490 27 513 23 515 30 491 34 large-vehicle P0000__1__3075___1200 0.16
500 60 513 60 514 77 500 78 large-vehicle P0000__1__3075___1200 0.16
516 5 530 5 530 21 516 21 large-vehicle P0000__1__3075___1200 0.16
441 14 451 15 449 41 439 40 large-vehicle P0000__1__3075___1200 0.16
516 60 530 60 530 77 516 78 large-vehicle P0000__1__3075___1200 0.16
506 35 529 31 531 38 507 42 large-vehicle P0000__1__3075___1200 0.15
540 13 554 13 554 29 540 30 large-vehicle P0000__1__3075___1200 0.15
473 26 497 23 498 30 475 34 large-vehicle P0000__1__3075___1200 0.15
498 43 521 39 522 46 499 50 large-vehicle P0000__1__3075___1200 0.15
506 27 529 23 531 30 507 34 large-vehicle P0000__1__3075___1200 0.15
473 35 497 31 498 38 475 42 large-vehicle P0000__1__3075___1200 0.15
460 5 474 5 474 21 460 21 large-vehicle P0000__1__3075___1200 0.15
554 21 563 22 561 49 552 48 large-vehicle P0000__1__3075___1200 0.15
159 675 283 674 284 800 160 800 plane P0000__1__3075___1200 0.14
540 53 554 52 554 69 540 69 large-vehicle P0000__1__3075___1200 0.14
513 42 537 39 538 46 515 50 large-vehicle P0000__1__3075___1200 0.14
484 61 497 60 498 77 484 78 large-vehicle P0000__1__3075___1200 0.13
452 45 466 44 466 61 452 62 large-vehicle P0000__1__3075___1200 0.13
548 45 562 44 562 61 548 61 large-vehicle P0000__1__3075___1200 0.13
444 37 458 36 458 53 444 54 large-vehicle P0000__1__3075___1200 0.13
532 60 546 60 546 77 532 77 large-vehicle P0000__1__3075___1200 0.13
474 18 497 15 498 22 475 26 large-vehicle P0000__1__3075___1200 0.12
522 34 545 31 546 38 523 42 large-vehicle P0000__1__3075___1200 0.12
460 53 474 52 474 69 460 70 large-vehicle P0000__1__3075___1200 0.12
522 26 545 23 546 30 523 34 large-vehicle P0000__1__3075___1200 0.12
433 14 443 15 441 40 431 40 large-vehicle P0000__1__3075___1200 0.12
287 546 412 545 412 673 288 674 plane P0000__1__3075___1200 0.12
31 418 157 417 158 545 32 546 plane P0000__1__3075___1200 0.11
532 5 546 5 546 21 532 21 large-vehicle P0000__1__3075___1200 0.11
95 355 221 354 222 481 96 482 plane P0000__1__3075___1200 0.11
457 34 481 31 482 39 458 42 large-vehicle P0000__1__3075___1200 0.11
556 37 570 36 570 53 556 53 large-vehicle P0000__1__3075___1200 0.11
508 68 522 68 522 85 508 85 large-vehicle P0000__1__3075___1200 0.10
444 5 458 5 459 21 444 21 large-vehicle P0000__1__3075___1200 0.10
