351 228 475 226 476 353 352 354 plane P0000__1__3000___3000 0.42
223 484 347 482 348 609 224 610 plane P0000__1__3000___3000 0.42
415 164 539 162 541 289 416 290 plane P0000__1__3000___3000 0.38
287 420 411 418 412 545 288 546 plane P0000__1__3000___3000 0.35
415 291 539 290 540 417 416 418 plane P0000__1__3000___3000 0.31
351 355 475 354 476 481 352 482 plane P0000__1__3000___3000 0.29
287 291 411 290 412 417 288 418 plane P0000__1__3000___3000 0.29
287 547 410 546 412 673 288 674 plane P0000__1__3000___3000 0.28
158 547 282 546 284 673 160 674 plane P0000__1__3000___3000 0.27
159 420 283 419 284 546 160 547 plane P0000__1__3000___3000 0.27
287 164 411 162 413 289 288 290 plane P0000__1__3000___3000 0.26
479 227 603 226 604 353 480 354 plane P0000__1__3000___3000 0.26
223 356 346 354 348 481 224 483 plane P0000__1__3000___3000 0.25
223 611 346 610 348 737 224 738 plane P0000__1__3000___3000 0.23
351 99 476 98 477 225 352 226 plane P0000__1__3000___3000 0.22
479 99 604 98 605 225 480 226 plane P0000__1__3000___3000 0.22
351 483 475 482 476 609 352 610 plane P0000__1__3000___3000 0.21
223 227 348 226 349 353 224 354 plane P0000__1__3000___3000 0.16
543 163 668 162 669 289 544 290 plane P0000__1__3000___3000 0.16
95 483 219 482 220 610 96 611 plane P0000__1__3000___3000 0.16
415 419 539 418 540 545 416 546 plane P0000__1__3000___3000 0.15
94 611 218 610 219 738 96 739 plane P0000__1__3000___3000 0.15
479 355 603 354 604 481 480 482 plane P0000__1__3000___3000 0.13
159 675 283 674 284 799 160 801 plane P0000__1__3000___3000 0.13
351 611 475 610 476 737 352 738 plane P0000__1__3000___3000 0.12
415 35 540 34 541 161 416 162 plane P0000__1__3000___3000 0.12
543 291 668 290 669 417 544 417 plane P0000__1__3000___3000 0.11
159 291 284 290 284 418 160 418 plane P0000__1__3000___3000 0.10
223 99 349 98 350 225 224 226 plane P0000__1__3000___3000 0.10
