159 548 283 546 284 673 160 674 plane P0000__1__1800___600 0.44
95 484 219 482 220 609 96 611 plane P0000__1__1800___600 0.34
95 611 220 610 221 737 96 738 plane P0000__1__1800___600 0.28
159 420 283 418 284 545 160 546 plane P0000__1__1800___600 0.24
223 483 347 482 348 609 224 610 plane P0000__1__1800___600 0.23
223 611 347 610 348 737 224 738 plane P0000__1__1800___600 0.22
31 547 156 545 157 673 32 675 plane P0000__1__1800___600 0.18
95 355 220 354 221 481 96 482 plane P0000__1__1800___600 0.16
159 291 284 290 285 417 160 418 plane P0000__1__1800___600 0.14
159 675 283 674 284 800 160 800 plane P0000__1__1800___600 0.14
31 419 156 418 157 545 32 546 plane P0000__1__1800___600 0.12
223 355 348 354 349 481 224 482 plane P0000__1__1800___600 0.12
287 547 411 546 412 673 288 673 plane P0000__1__1800___600 0.12
223 227 349 226 350 352 224 353 plane P0000__1__1800___600 0.11
159 163 285 162 285 289 160 289 plane P0000__1__1800___600 0.11
223 98 349 98 350 224 224 225 plane P0000__1__1800___600 0.10
