479 292 603 290 604 417 480 418 plane P0000__1__3000___2400 0.39
543 355 667 354 668 481 544 482 plane P0000__1__3000___2400 0.30
415 355 540 354 541 481 416 482 plane P0000__1__3000___2400 0.25
543 227 667 226 669 353 544 354 plane P0000__1__3000___2400 0.24
607 291 732 290 733 417 608 418 plane P0000__1__3000___2400 0.20
415 227 540 226 541 353 416 354 plane P0000__1__3000___2400 0.20
479 419 603 418 604 545 480 546 plane P0000__1__3000___2400 0.19
351 291 476 290 477 417 352 418 plane P0000__1__3000___2400 0.16
607 419 731 418 732 545 608 546 plane P0000__1__3000___2400 0.14
543 482 667 482 668 609 544 610 plane P0000__1__3000___2400 0.13
479 163 604 162 605 289 480 290 plane P0000__1__3000___2400 0.12
607 163 732 162 733 289 608 290 plane P0000__1__3000___2400 0.11
