159 484 283 483 284 609 160 610 plane P0000__1__3075___3000 0.40
287 227 411 226 412 353 288 354 plane P0000__1__3075___3000 0.36
351 163 476 162 477 289 352 290 plane P0000__1__3075___3000 0.31
223 420 347 418 348 545 224 546 plane P0000__1__3075___3000 0.30
223 291 347 290 348 417 224 418 plane P0000__1__3075___3000 0.26
223 547 347 546 348 673 224 674 plane P0000__1__3075___3000 0.26
95 547 218 546 220 673 96 674 plane P0000__1__3075___3000 0.26
95 420 219 419 220 546 96 547 plane P0000__1__3075___3000 0.25
223 163 348 162 349 289 224 290 plane P0000__1__3075___3000 0.25
287 355 411 354 412 481 288 482 plane P0000__1__3075___3000 0.25
351 291 475 290 476 417 352 418 plane P0000__1__3075___3000 0.24
158 355 282 354 284 481 160 483 plane P0000__1__3075___3000 0.23
159 611 283 610 284 737 160 738 plane P0000__1__3075___3000 0.21
287 99 412 98 413 225 288 226 plane P0000__1__3075___3000 0.20
415 227 540 226 541 353 416 354 plane P0000__1__3075___3000 0.20
287 483 411 482 412 609 288 610 plane P0000__1__3075___3000 0.18
415 99 540 98 541 225 416 226 plane P0000__1__3075___3000 0.17
159 227 284 226 285 353 160 354 plane P0000__1__3075___3000 0.16
31 483 155 482 157 610 32 611 plane P0000__1__3075___3000 0.14
351 419 476 418 477 545 352 545 plane P0000__1__3075___3000 0.13
479 163 604 162 605 289 480 289 plane P0000__1__3075___3000 0.13
415 355 540 354 541 481 416 482 plane P0000__1__3075___3000 0.11
287 611 411 610 412 737 288 738 plane P0000__1__3075___3000 0.11
30 611 154 610 156 738 32 739 plane P0000__1__3075___3000 0.11
95 675 219 674 220 799 96 801 plane P0000__1__3075___3000 0.10
351 34 477 34 477 161 352 162 plane P0000__1__3075___3000 0.10
