479 419 604 418 605 545 480 545 plane P0000__1__1200___0 0.21
415 355 540 354 541 481 416 482 plane P0000__1__1200___0 0.20
543 355 669 354 670 481 544 481 plane P0000__1__1200___0 0.20
543 483 668 482 669 608 544 609 plane P0000__1__1200___0 0.19
479 547 604 546 605 672 480 673 plane P0000__1__1200___0 0.19
351 291 476 290 477 417 352 418 plane P0000__1__1200___0 0.18
415 483 540 482 541 609 416 610 plane P0000__1__1200___0 0.18
479 291 604 290 605 417 480 418 plane P0000__1__1200___0 0.17
607 418 733 418 734 544 608 545 plane P0000__1__1200___0 0.15
351 419 476 418 477 545 352 546 plane P0000__1__1200___0 0.15
287 354 413 354 414 481 288 481 plane P0000__1__1200___0 0.15
415 611 540 610 541 737 416 738 plane P0000__1__1200___0 0.14
287 227 413 226 413 353 288 354 plane P0000__1__1200___0 0.13
607 291 733 290 733 417 608 417 plane P0000__1__1200___0 0.13
415 227 540 226 541 353 416 354 plane P0000__1__1200___0 0.13
351 546 476 545 477 673 352 674 plane P0000__1__1200___0 0.12
223 290 349 290 350 417 224 418 plane P0000__1__1200___0 0.12
607 546 733 546 734 672 608 673 plane P0000__1__1200___0 0.11
543 227 668 226 669 353 544 354 plane P0000__1__1200___0 0.11
543 610 668 609 669 736 544 737 plane P0000__1__1200___0 0.11
