95 612 219 610 220 737 96 738 plane P0000__1__600___3600 0.35
223 291 348 290 349 417 224 418 plane P0000__1__600___3600 0.28
159 355 284 354 285 481 160 482 plane P0000__1__600___3600 0.28
159 548 283 547 284 673 160 674 plane P0000__1__600___3600 0.26
95 483 219 482 220 609 96 610 plane P0000__1__600___3600 0.24
287 227 412 226 413 353 288 354 plane P0000__1__600___3600 0.24
351 163 476 162 477 289 352 289 plane P0000__1__600___3600 0.23
31 547 155 546 157 673 32 675 plane P0000__1__600___3600 0.22
287 355 412 354 413 480 288 481 plane P0000__1__600___3600 0.20
223 419 348 418 349 545 224 546 plane P0000__1__600___3600 0.20
415 98 541 98 541 225 416 225 plane P0000__1__600___3600 0.19
351 291 476 290 477 417 352 418 plane P0000__1__600___3600 0.18
159 227 284 226 285 353 160 354 plane P0000__1__600___3600 0.18
287 99 413 98 414 225 288 225 plane P0000__1__600___3600 0.18
223 163 348 162 349 289 224 290 plane P0000__1__600___3600 0.18
415 227 540 226 541 353 416 354 plane P0000__1__600___3600 0.17
159 675 283 674 284 800 160 800 plane P0000__1__600___3600 0.16
95 291 220 290 221 417 96 418 plane P0000__1__600___3600 0.16
31 675 156 674 157 799 32 801 plane P0000__1__600___3600 0.15
479 163 604 162 605 289 480 290 plane P0000__1__600___3600 0.13
351 35 477 34 478 160 352 161 plane P0000__1__600___3600 0.13
223 611 347 610 348 737 224 738 plane P0000__1__600___3600 0.13
479 34 605 34 606 160 480 161 plane P0000__1__600___3600 0.12
31 419 156 418 157 545 32 546 plane P0000__1__600___3600 0.12
543 98 669 98 669 224 544 225 plane P0000__1__600___3600 0.11
