351 163 477 162 477 289 352 290 plane P0000__1__1200___600 0.16
415 98 541 98 542 225 416 225 plane P0000__1__1200___600 0.14
287 226 412 225 413 353 288 354 plane P0000__1__1200___600 0.13
223 354 349 354 350 480 224 481 plane P0000__1__1200___600 0.12
287 98 413 98 414 225 288 225 plane P0000__1__1200___600 0.12
351 34 477 33 478 161 352 161 plane P0000__1__1200___600 0.11
607 546 733 545 734 673 608 674 plane P0000__1__1200___600 0.11
351 290 477 290 477 417 352 418 plane P0000__1__1200___600 0.11
159 418 285 417 286 544 160 545 plane P0000__1__1200___600 0.10
415 226 541 225 541 352 416 353 plane P0000__1__1200___600 0.10
