159 483 285 482 285 609 160 610 plane P0000__1__0___3000 0.14
415 354 541 354 542 480 416 481 plane P0000__1__0___3000 0.14
351 291 477 290 478 416 352 417 plane P0000__1__0___3000 0.14
287 354 413 354 413 480 288 481 plane P0000__1__0___3000 0.13
479 290 605 290 606 416 480 417 plane P0000__1__0___3000 0.13
223 418 349 418 349 545 224 545 plane P0000__1__0___3000 0.13
351 418 477 418 478 544 352 545 plane P0000__1__0___3000 0.12
95 546 221 545 222 673 96 673 plane P0000__1__0___3000 0.12
223 291 348 290 349 417 224 418 plane P0000__1__0___3000 0.12
287 227 413 226 414 352 288 353 plane P0000__1__0___3000 0.11
223 546 349 546 349 673 224 674 plane P0000__1__0___3000 0.11
159 354 285 354 285 481 160 482 plane P0000__1__0___3000 0.11
415 226 541 226 542 352 416 353 plane P0000__1__0___3000 0.11
95 418 221 418 222 545 96 546 plane P0000__1__0___3000 0.11
479 418 605 418 606 544 480 545 plane P0000__1__0___3000 0.11
287 482 412 481 413 609 288 610 plane P0000__1__0___3000 0.11
543 354 669 353 670 480 544 481 plane P0000__1__0___3000 0.11
223 162 349 161 350 288 224 289 plane P0000__1__0___3000 0.10
159 226 285 226 286 353 160 354 plane P0000__1__0___3000 0.10
415 482 541 481 542 608 416 609 plane P0000__1__0___3000 0.10
