159 483 285 482 285 608 160 609 plane P0000__1__1800___0 0.18
223 546 349 546 350 672 224 673 plane P0000__1__1800___0 0.17
95 419 220 418 221 545 96 546 plane P0000__1__1800___0 0.15
95 546 221 545 221 672 96 673 plane P0000__1__1800___0 0.14
287 482 413 482 413 609 288 609 plane P0000__1__1800___0 0.12
287 610 413 609 414 736 288 737 plane P0000__1__1800___0 0.12
351 546 477 546 478 673 352 673 plane P0000__1__1800___0 0.12
223 418 349 418 349 545 224 545 plane P0000__1__1800___0 0.11
31 482 156 481 157 609 32 610 plane P0000__1__1800___0 0.11
159 610 285 610 285 737 160 737 plane P0000__1__1800___0 0.11
