351 548 475 546 476 673 352 674 plane P0000__1__2400___1800 0.42
415 483 539 482 540 609 416 610 plane P0000__1__2400___1800 0.33
287 611 412 610 413 737 288 738 plane P0000__1__2400___1800 0.31
479 419 604 418 605 545 480 546 plane P0000__1__2400___1800 0.30
287 484 412 482 413 609 288 610 plane P0000__1__2400___1800 0.29
415 611 539 610 540 737 416 738 plane P0000__1__2400___1800 0.28
543 355 668 354 669 481 544 482 plane P0000__1__2400___1800 0.25
223 547 348 546 349 673 224 674 plane P0000__1__2400___1800 0.25
351 419 476 418 477 545 352 546 plane P0000__1__2400___1800 0.24
479 547 603 546 604 673 480 674 plane P0000__1__2400___1800 0.23
543 483 667 482 668 609 544 610 plane P0000__1__2400___1800 0.22
415 355 540 354 541 481 416 482 plane P0000__1__2400___1800 0.20
607 419 731 418 732 545 608 546 plane P0000__1__2400___1800 0.19
479 291 604 290 605 417 480 418 plane P0000__1__2400___1800 0.17
351 675 476 674 477 800 352 800 plane P0000__1__2400___1800 0.16
159 610 285 610 285 737 160 738 plane P0000__1__2400___1800 0.13
607 290 732 289 733 417 608 418 plane P0000__1__2400___1800 0.12
223 419 349 418 350 545 224 546 plane P0000__1__2400___1800 0.12
159 483 285 482 285 609 160 610 plane P0000__1__2400___1800 0.12
543 226 668 225 669 353 544 354 plane P0000__1__2400___1800 0.12
287 355 413 354 414 481 288 482 plane P0000__1__2400___1800 0.11
223 674 348 673 349 800 224 800 plane P0000__1__2400___1800 0.10
