415 292 539 291 540 417 416 418 plane P0000__1__3075___2400 0.39
479 355 603 354 604 481 480 482 plane P0000__1__3075___2400 0.33
351 355 476 354 477 481 352 482 plane P0000__1__3075___2400 0.26
543 291 668 290 669 416 544 417 plane P0000__1__3075___2400 0.25
479 227 603 226 604 353 480 354 plane P0000__1__3075___2400 0.24
415 419 539 418 540 545 416 546 plane P0000__1__3075___2400 0.21
351 227 476 226 477 353 352 354 plane P0000__1__3075___2400 0.21
543 419 667 418 668 545 544 546 plane P0000__1__3075___2400 0.18
287 291 412 290 413 417 288 418 plane P0000__1__3075___2400 0.17
479 483 603 482 604 609 480 610 plane P0000__1__3075___2400 0.15
607 226 732 226 733 353 608 353 plane P0000__1__3075___2400 0.14
607 354 732 353 733 480 608 481 plane P0000__1__3075___2400 0.13
543 162 668 162 669 289 544 290 plane P0000__1__3075___2400 0.13
415 163 540 162 541 289 416 290 plane P0000__1__3075___2400 0.12
543 547 668 546 669 672 544 673 plane P0000__1__3075___2400 0.11
