95 419 220 418 221 545 96 546 plane P0000__1__2400___1200 0.28
159 483 284 482 285 609 160 609 plane P0000__1__2400___1200 0.19
159 355 284 354 285 481 160 482 plane P0000__1__2400___1200 0.18
31 483 156 482 157 609 32 610 plane P0000__1__2400___1200 0.17
31 355 156 354 157 481 32 482 plane P0000__1__2400___1200 0.15
223 419 348 418 349 544 224 545 plane P0000__1__2400___1200 0.14
95 547 220 546 221 673 96 674 plane P0000__1__2400___1200 0.13
95 290 220 290 221 417 96 418 plane P0000__1__2400___1200 0.12
223 290 348 289 349 417 224 417 plane P0000__1__2400___1200 0.10
351 162 477 161 478 288 352 289 plane P0000__1__2400___1200 0.10
