95 163 220 162 221 289 96 290 plane P0000__1__3000___3600 0.27
159 99 284 98 285 225 160 226 plane P0000__1__3000___3600 0.26
159 227 283 226 284 353 160 354 plane P0000__1__3000___3600 0.18
223 163 348 162 349 288 224 289 plane P0000__1__3000___3600 0.17
31 99 156 98 157 225 32 226 plane P0000__1__3000___3600 0.14
223 34 349 33 349 161 224 161 plane P0000__1__3000___3600 0.13
95 35 220 34 221 161 96 162 plane P0000__1__3000___3600 0.12
95 291 220 290 221 417 96 418 plane P0000__1__3000___3600 0.12
95 482 221 481 222 609 96 610 plane P0000__1__3000___3600 0.11
287 98 413 98 413 224 288 225 plane P0000__1__3000___3600 0.11
31 227 156 226 157 353 32 354 plane P0000__1__3000___3600 0.11
