415 484 540 482 541 609 416 610 plane P0000__1__3000___600 0.29
479 547 604 546 605 673 480 674 plane P0000__1__3000___600 0.28
351 547 476 546 477 673 352 674 plane P0000__1__3000___600 0.23
562 597 572 598 569 625 560 624 large-vehicle P0000__1__3000___600 0.21
554 597 564 598 561 625 552 624 large-vehicle P0000__1__3000___600 0.20
351 419 476 418 477 545 352 546 plane P0000__1__3000___600 0.20
287 483 412 482 413 609 288 610 plane P0000__1__3000___600 0.20
570 597 580 598 577 625 568 624 large-vehicle P0000__1__3000___600 0.20
543 483 668 482 669 609 544 610 plane P0000__1__3000___600 0.18
546 597 555 598 553 625 544 624 large-vehicle P0000__1__3000___600 0.18
578 597 588 598 585 625 576 624 large-vehicle P0000__1__3000___600 0.18
479 419 604 418 605 545 480 546 plane P0000__1__3000___600 0.18
415 611 540 610 541 737 416 738 plane P0000__1__3000___600 0.17
556 621 569 620 570 638 556 638 large-vehicle P0000__1__3000___600 0.17
556 589 569 588 570 606 556 606 large-vehicle P0000__1__3000___600 0.17
570 621 579 622 577 649 568 648 large-vehicle P0000__1__3000___600 0.16
586 597 595 598 593 625 584 624 large-vehicle P0000__1__3000___600 0.16
538 598 547 598 545 625 535 624 large-vehicle P0000__1__3000___600 0.16
570 573 580 574 577 601 568 600 large-vehicle P0000__1__3000___600 0.15
223 418 349 418 350 545 224 546 plane P0000__1__3000___600 0.15
578 621 587 622 585 649 576 648 large-vehicle P0000__1__3000___600 0.15
546 621 555 622 553 649 543 648 large-vehicle P0000__1__3000___600 0.15
554 573 563 574 561 601 552 600 large-vehicle P0000__1__3000___600 0.14
572 589 585 588 586 606 572 606 large-vehicle P0000__1__3000___600 0.14
562 629 571 630 569 657 559 656 large-vehicle P0000__1__3000___600 0.14
540 589 553 588 554 606 540 606 large-vehicle P0000__1__3000___600 0.14
554 629 563 630 561 657 551 656 large-vehicle P0000__1__3000___600 0.14
543 610 668 609 669 737 544 737 plane P0000__1__3000___600 0.14
586 621 595 622 593 649 583 648 large-vehicle P0000__1__3000___600 0.13
594 597 603 598 601 625 592 624 large-vehicle P0000__1__3000___600 0.13
538 622 547 622 545 649 535 648 large-vehicle P0000__1__3000___600 0.13
529 606 539 607 537 633 527 632 large-vehicle P0000__1__3000___600 0.13
287 355 412 354 413 481 288 482 plane P0000__1__3000___600 0.12
223 546 349 546 349 673 224 674 plane P0000__1__3000___600 0.12
415 355 540 354 541 481 416 482 plane P0000__1__3000___600 0.11
594 621 603 622 601 649 591 648 large-vehicle P0000__1__3000___600 0.11
562 565 571 566 569 593 560 592 large-vehicle P0000__1__3000___600 0.11
287 611 412 610 413 737 288 738 plane P0000__1__3000___600 0.11
586 573 595 574 593 601 584 600 large-vehicle P0000__1__3000___600 0.11
159 354 285 354 286 481 160 481 plane P0000__1__3000___600 0.11
537 574 547 574 545 601 536 600 large-vehicle P0000__1__3000___600 0.11
602 597 611 598 609 625 600 624 large-vehicle P0000__1__3000___600 0.11
529 582 539 583 537 609 527 608 large-vehicle P0000__1__3000___600 0.11
588 588 601 588 602 606 588 606 large-vehicle P0000__1__3000___600 0.10
159 482 285 482 286 609 160 610 plane P0000__1__3000___600 0.10
564 644 578 644 578 661 564 662 large-vehicle P0000__1__3000___600 0.10
607 546 732 546 733 673 608 673 plane P0000__1__3000___600 0.10
578 565 587 566 585 593 576 592 large-vehicle P0000__1__3000___600 0.10
521 606 531 607 529 633 519 632 large-vehicle P0000__1__3000___600 0.10
