415 420 539 419 540 545 416 546 plane P0000__1__2400___600 0.45
479 227 604 226 605 353 480 354 plane P0000__1__2400___600 0.41
351 483 475 482 476 609 352 610 plane P0000__1__2400___600 0.36
415 291 539 290 540 417 416 418 plane P0000__1__2400___600 0.35
479 355 603 354 604 481 480 482 plane P0000__1__2400___600 0.34
543 163 668 162 669 289 544 290 plane P0000__1__2400___600 0.33
351 356 475 354 476 481 352 483 plane P0000__1__2400___600 0.32
415 163 540 162 541 289 416 290 plane P0000__1__2400___600 0.31
479 483 603 482 604 608 480 609 plane P0000__1__2400___600 0.29
479 99 604 98 605 225 480 226 plane P0000__1__2400___600 0.28
543 291 667 290 668 417 544 418 plane P0000__1__2400___600 0.27
415 547 539 546 540 673 416 674 plane P0000__1__2400___600 0.25
287 419 411 418 413 545 288 547 plane P0000__1__2400___600 0.22
351 227 476 226 477 353 352 354 plane P0000__1__2400___600 0.20
543 419 668 418 669 544 544 545 plane P0000__1__2400___600 0.20
607 227 732 226 733 353 608 354 plane P0000__1__2400___600 0.17
351 99 477 98 478 225 352 226 plane P0000__1__2400___600 0.14
287 547 412 546 413 673 288 674 plane P0000__1__2400___600 0.14
287 291 412 290 413 417 288 418 plane P0000__1__2400___600 0.14
607 99 732 98 733 225 608 225 plane P0000__1__2400___600 0.13
607 355 732 354 733 480 608 481 plane P0000__1__2400___600 0.13
415 35 541 34 542 161 416 162 plane P0000__1__2400___600 0.12
543 35 669 34 669 161 544 162 plane P0000__1__2400___600 0.12
543 547 668 546 669 673 544 673 plane P0000__1__2400___600 0.11
351 611 475 610 476 737 352 738 plane P0000__1__2400___600 0.11
479 611 604 610 605 737 480 738 plane P0000__1__2400___600 0.11
