607 419 733 418 734 545 608 546 plane P0000__1__1800___1200 0.21
543 483 669 482 670 609 544 610 plane P0000__1__1800___1200 0.16
607 547 732 546 733 673 608 674 plane P0000__1__1800___1200 0.13
159 35 285 34 286 160 160 161 plane P0000__1__1800___1200 0.13
671 482 797 481 797 609 672 610 plane P0000__1__1800___1200 0.13
543 354 669 353 669 481 544 482 plane P0000__1__1800___1200 0.12
95 98 221 97 221 225 96 226 plane P0000__1__1800___1200 0.11
671 354 797 353 797 481 672 481 plane P0000__1__1800___1200 0.11
95 291 221 290 222 417 96 418 plane P0000__1__1800___1200 0.11
479 418 605 417 606 545 480 546 plane P0000__1__1800___1200 0.10
