351 484 475 482 477 609 352 610 plane P0000__1__3075___600 0.29
415 547 540 546 541 673 416 674 plane P0000__1__3075___600 0.29
287 547 412 546 413 673 288 674 plane P0000__1__3075___600 0.23
490 605 500 606 497 633 488 632 large-vehicle P0000__1__3075___600 0.21
498 605 508 606 505 633 496 632 large-vehicle P0000__1__3075___600 0.21
482 605 491 606 489 633 480 632 large-vehicle P0000__1__3075___600 0.19
479 483 604 482 605 609 480 610 plane P0000__1__3075___600 0.19
506 605 516 606 513 633 504 632 large-vehicle P0000__1__3075___600 0.19
223 483 348 482 349 609 224 610 plane P0000__1__3075___600 0.18
287 419 412 418 413 545 288 546 plane P0000__1__3075___600 0.18
351 611 476 610 477 737 352 738 plane P0000__1__3075___600 0.17
415 419 540 418 541 545 416 546 plane P0000__1__3075___600 0.17
492 629 505 628 506 646 492 646 large-vehicle P0000__1__3075___600 0.17
474 605 483 606 481 633 472 632 large-vehicle P0000__1__3075___600 0.17
490 581 500 582 497 609 488 608 large-vehicle P0000__1__3075___600 0.16
514 613 523 614 521 641 512 640 large-vehicle P0000__1__3075___600 0.16
492 597 505 596 505 614 492 614 large-vehicle P0000__1__3075___600 0.16
506 629 515 630 513 657 503 656 large-vehicle P0000__1__3075___600 0.16
482 629 491 630 489 657 479 656 large-vehicle P0000__1__3075___600 0.16
466 605 475 606 473 633 463 632 large-vehicle P0000__1__3075___600 0.15
482 581 491 582 489 609 480 608 large-vehicle P0000__1__3075___600 0.15
498 637 507 638 505 665 495 664 large-vehicle P0000__1__3075___600 0.14
506 581 515 582 513 609 504 608 large-vehicle P0000__1__3075___600 0.14
490 637 499 638 497 665 487 664 large-vehicle P0000__1__3075___600 0.14
479 610 604 610 605 737 480 737 plane P0000__1__3075___600 0.14
474 629 483 630 481 657 471 656 large-vehicle P0000__1__3075___600 0.14
514 589 523 590 521 617 512 616 large-vehicle P0000__1__3075___600 0.13
522 613 531 614 529 641 520 640 large-vehicle P0000__1__3075___600 0.13
159 418 285 417 286 545 160 546 plane P0000__1__3075___600 0.13
498 573 507 574 505 601 496 600 large-vehicle P0000__1__3075___600 0.13
474 581 483 582 481 609 472 608 large-vehicle P0000__1__3075___600 0.13
458 605 467 606 465 633 455 632 large-vehicle P0000__1__3075___600 0.12
513 637 523 638 521 665 511 664 large-vehicle P0000__1__3075___600 0.12
516 604 530 604 530 621 516 622 large-vehicle P0000__1__3075___600 0.12
465 630 475 630 473 657 463 656 large-vehicle P0000__1__3075___600 0.11
159 546 285 546 286 673 160 674 plane P0000__1__3075___600 0.11
223 611 348 610 349 737 224 738 plane P0000__1__3075___600 0.11
543 546 668 546 669 673 544 674 plane P0000__1__3075___600 0.11
466 581 475 582 473 609 464 608 large-vehicle P0000__1__3075___600 0.11
529 613 539 614 537 641 527 640 large-vehicle P0000__1__3075___600 0.11
351 355 476 354 477 481 352 482 plane P0000__1__3075___600 0.11
223 355 349 354 349 481 224 482 plane P0000__1__3075___600 0.10
521 638 531 638 529 665 519 664 large-vehicle P0000__1__3075___600 0.10
