543 163 669 162 670 289 544 289 plane P0000__1__0___0 0.15
607 98 733 97 734 224 608 225 plane P0000__1__0___0 0.14
543 546 669 545 670 672 544 673 plane P0000__1__0___0 0.13
607 227 733 226 734 352 608 353 plane P0000__1__0___0 0.13
479 226 605 225 606 353 480 354 plane P0000__1__0___0 0.13
479 99 605 98 606 225 480 225 plane P0000__1__0___0 0.12
543 290 669 289 670 417 544 417 plane P0000__1__0___0 0.12
607 482 733 482 734 608 608 609 plane P0000__1__0___0 0.11
543 418 669 417 670 544 544 545 plane P0000__1__0___0 0.11
479 482 605 481 606 608 480 609 plane P0000__1__0___0 0.11
415 162 541 162 542 289 416 289 plane P0000__1__0___0 0.11
543 34 669 33 670 160 544 161 plane P0000__1__0___0 0.11
415 546 541 546 542 672 416 673 plane P0000__1__0___0 0.10
