571 20 580 21 577 50 568 49 large-vehicle P0000__1__3000___1200 0.56
563 12 572 13 569 42 560 41 large-vehicle P0000__1__3000___1200 0.56
579 20 588 21 585 50 576 49 large-vehicle P0000__1__3000___1200 0.55
555 12 564 13 561 42 552 41 large-vehicle P0000__1__3000___1200 0.54
587 20 596 21 593 50 584 49 large-vehicle P0000__1__3000___1200 0.53
595 20 604 21 601 50 592 49 large-vehicle P0000__1__3000___1200 0.48
547 12 556 13 553 42 544 41 large-vehicle P0000__1__3000___1200 0.48
555 37 568 36 569 54 556 55 large-vehicle P0000__1__3000___1200 0.43
603 20 612 21 609 50 600 49 large-vehicle P0000__1__3000___1200 0.41
572 13 585 13 585 30 572 30 large-vehicle P0000__1__3000___1200 0.41
223 547 348 546 349 673 224 674 plane P0000__1__3000___1200 0.41
539 12 548 13 545 41 536 40 large-vehicle P0000__1__3000___1200 0.41
572 45 585 45 585 62 572 62 large-vehicle P0000__1__3000___1200 0.37
588 13 601 13 601 30 588 30 large-vehicle P0000__1__3000___1200 0.35
588 45 601 44 601 62 588 62 large-vehicle P0000__1__3000___1200 0.35
539 37 553 36 553 54 540 55 large-vehicle P0000__1__3000___1200 0.34
530 13 539 14 537 41 528 40 large-vehicle P0000__1__3000___1200 0.33
611 20 620 21 617 49 608 48 large-vehicle P0000__1__3000___1200 0.33
159 483 284 482 285 609 160 610 plane P0000__1__3000___1200 0.32
547 45 561 44 561 62 548 62 large-vehicle P0000__1__3000___1200 0.31
159 611 284 610 285 737 160 738 plane P0000__1__3000___1200 0.29
563 44 572 45 569 73 560 72 large-vehicle P0000__1__3000___1200 0.28
580 53 593 52 593 70 580 70 large-vehicle P0000__1__3000___1200 0.27
287 483 411 482 413 609 288 610 plane P0000__1__3000___1200 0.26
522 13 531 14 529 41 520 40 large-vehicle P0000__1__3000___1200 0.26
570 -0 579 0 577 25 568 24 large-vehicle P0000__1__3000___1200 0.25
604 45 617 44 617 62 604 62 large-vehicle P0000__1__3000___1200 0.25
556 5 569 5 570 22 556 22 large-vehicle P0000__1__3000___1200 0.25
618 21 627 21 625 49 616 48 large-vehicle P0000__1__3000___1200 0.25
604 13 617 13 618 30 604 30 large-vehicle P0000__1__3000___1200 0.24
223 419 348 418 349 545 224 546 plane P0000__1__3000___1200 0.24
596 53 609 52 609 70 596 70 large-vehicle P0000__1__3000___1200 0.23
586 -0 595 0 593 25 584 24 large-vehicle P0000__1__3000___1200 0.23
524 37 537 36 537 54 524 54 large-vehicle P0000__1__3000___1200 0.22
540 5 554 5 554 21 540 22 large-vehicle P0000__1__3000___1200 0.22
532 45 545 45 545 62 532 62 large-vehicle P0000__1__3000___1200 0.21
95 547 220 546 221 673 96 674 plane P0000__1__3000___1200 0.21
287 611 411 610 412 737 288 738 plane P0000__1__3000___1200 0.19
562 35 585 31 587 38 563 42 large-vehicle P0000__1__3000___1200 0.19
570 27 593 23 595 30 571 34 large-vehicle P0000__1__3000___1200 0.19
514 13 523 14 521 41 512 40 large-vehicle P0000__1__3000___1200 0.19
554 27 578 23 579 30 555 34 large-vehicle P0000__1__3000___1200 0.19
570 53 579 54 577 81 568 80 large-vehicle P0000__1__3000___1200 0.19
578 35 601 31 603 38 579 42 large-vehicle P0000__1__3000___1200 0.19
626 21 635 22 633 49 624 48 large-vehicle P0000__1__3000___1200 0.18
540 53 553 53 553 70 540 70 large-vehicle P0000__1__3000___1200 0.18
569 43 593 39 595 46 571 50 large-vehicle P0000__1__3000___1200 0.17
546 35 569 31 571 38 547 42 large-vehicle P0000__1__3000___1200 0.17
586 27 609 23 611 30 587 34 large-vehicle P0000__1__3000___1200 0.17
596 5 610 5 610 21 596 22 large-vehicle P0000__1__3000___1200 0.17
588 61 601 60 602 78 588 78 large-vehicle P0000__1__3000___1200 0.16
538 27 561 23 563 30 539 34 large-vehicle P0000__1__3000___1200 0.16
585 43 609 39 610 46 587 50 large-vehicle P0000__1__3000___1200 0.16
554 53 563 54 561 81 552 80 large-vehicle P0000__1__3000___1200 0.16
618 45 627 46 625 73 616 72 large-vehicle P0000__1__3000___1200 0.16
524 5 538 5 538 21 524 22 large-vehicle P0000__1__3000___1200 0.16
593 35 617 31 618 38 595 42 large-vehicle P0000__1__3000___1200 0.15
505 14 515 14 513 41 503 40 large-vehicle P0000__1__3000___1200 0.14
610 53 619 54 617 81 608 80 large-vehicle P0000__1__3000___1200 0.14
223 675 348 674 349 800 224 800 plane P0000__1__3000___1200 0.14
538 19 561 15 562 22 539 26 large-vehicle P0000__1__3000___1200 0.14
620 13 634 12 634 29 620 29 large-vehicle P0000__1__3000___1200 0.14
351 547 476 546 477 673 352 674 plane P0000__1__3000___1200 0.13
530 35 553 31 554 38 531 42 large-vehicle P0000__1__3000___1200 0.13
553 51 577 47 578 54 555 58 large-vehicle P0000__1__3000___1200 0.13
516 45 530 44 530 62 516 62 large-vehicle P0000__1__3000___1200 0.13
95 418 221 418 222 545 96 546 plane P0000__1__3000___1200 0.13
633 21 643 22 641 49 631 48 large-vehicle P0000__1__3000___1200 0.12
159 355 285 354 286 481 160 482 plane P0000__1__3000___1200 0.12
508 37 522 36 522 53 508 54 large-vehicle P0000__1__3000___1200 0.12
577 61 587 62 585 89 576 88 large-vehicle P0000__1__3000___1200 0.12
601 26 625 23 626 30 603 34 large-vehicle P0000__1__3000___1200 0.12
626 45 635 46 633 73 624 72 large-vehicle P0000__1__3000___1200 0.12
601 42 625 39 626 46 602 50 large-vehicle P0000__1__3000___1200 0.11
524 53 538 53 538 70 524 70 large-vehicle P0000__1__3000___1200 0.11
522 26 545 23 546 30 523 34 large-vehicle P0000__1__3000___1200 0.11
601 62 611 62 609 89 599 88 large-vehicle P0000__1__3000___1200 0.11
612 5 626 5 626 21 612 21 large-vehicle P0000__1__3000___1200 0.11
497 14 507 15 505 41 495 40 large-vehicle P0000__1__3000___1200 0.10
