287 163 412 162 413 289 288 290 plane P0000__1__2400___3600 0.28
479 547 605 546 605 673 480 674 plane P0000__1__2400___3600 0.25
543 483 668 482 669 608 544 609 plane P0000__1__2400___3600 0.22
607 547 733 546 733 672 608 673 plane P0000__1__2400___3600 0.20
223 99 348 98 349 225 224 226 plane P0000__1__2400___3600 0.20
223 227 348 226 349 353 224 354 plane P0000__1__2400___3600 0.19
543 610 668 610 669 737 544 737 plane P0000__1__2400___3600 0.17
415 483 540 482 541 609 416 610 plane P0000__1__2400___3600 0.17
351 99 476 98 477 225 352 226 plane P0000__1__2400___3600 0.17
415 611 541 610 542 737 416 738 plane P0000__1__2400___3600 0.16
351 546 477 546 478 673 352 674 plane P0000__1__2400___3600 0.15
159 162 284 162 285 289 160 290 plane P0000__1__2400___3600 0.14
351 227 476 226 477 353 352 354 plane P0000__1__2400___3600 0.14
479 419 604 418 605 545 480 546 plane P0000__1__2400___3600 0.13
607 419 732 418 733 544 608 545 plane P0000__1__2400___3600 0.13
287 291 412 290 413 417 288 418 plane P0000__1__2400___3600 0.11
671 482 797 481 798 608 672 609 plane P0000__1__2400___3600 0.11
607 162 732 162 733 289 608 290 plane P0000__1__2400___3600 0.11
287 34 412 34 413 161 288 162 plane P0000__1__2400___3600 0.11
415 162 540 162 541 289 416 290 plane P0000__1__2400___3600 0.10
