414 292 538 291 540 417 416 419 plane P0000__1__1800___3000 0.50
351 356 475 354 476 481 352 482 plane P0000__1__1800___3000 0.47
351 228 475 227 476 354 352 355 plane P0000__1__1800___3000 0.35
287 292 411 290 413 417 288 419 plane P0000__1__1800___3000 0.32
479 356 602 355 603 481 480 483 plane P0000__1__1800___3000 0.31
415 420 538 418 539 545 416 547 plane P0000__1__1800___3000 0.30
287 419 411 418 412 545 288 546 plane P0000__1__1800___3000 0.23
479 228 603 226 604 353 480 355 plane P0000__1__1800___3000 0.20
351 483 475 482 476 609 352 611 plane P0000__1__1800___3000 0.18
415 163 539 162 540 289 416 290 plane P0000__1__1800___3000 0.18
223 355 348 354 349 481 224 482 plane P0000__1__1800___3000 0.17
287 163 412 162 413 289 288 290 plane P0000__1__1800___3000 0.14
287 547 412 546 413 673 288 674 plane P0000__1__1800___3000 0.14
223 483 348 482 349 609 224 610 plane P0000__1__1800___3000 0.13
543 291 667 290 668 417 544 418 plane P0000__1__1800___3000 0.13
351 99 476 98 477 225 352 226 plane P0000__1__1800___3000 0.13
223 227 348 226 349 353 224 354 plane P0000__1__1800___3000 0.12
479 483 603 482 603 610 480 610 plane P0000__1__1800___3000 0.10
543 419 667 418 668 545 544 546 plane P0000__1__1800___3000 0.10
223 610 349 609 350 736 224 737 plane P0000__1__1800___3000 0.10
