287 419 412 418 413 545 288 546 plane P0000__1__1200___3600 0.34
351 355 476 354 477 480 352 481 plane P0000__1__1200___3600 0.29
223 355 348 354 349 481 224 482 plane P0000__1__1200___3600 0.26
351 483 476 482 477 609 352 610 plane P0000__1__1200___3600 0.25
287 291 412 290 413 417 288 418 plane P0000__1__1200___3600 0.23
415 419 540 418 541 544 416 545 plane P0000__1__1200___3600 0.19
223 483 348 482 349 609 224 610 plane P0000__1__1200___3600 0.18
287 547 412 546 413 673 288 674 plane P0000__1__1200___3600 0.16
159 418 285 417 285 545 160 546 plane P0000__1__1200___3600 0.15
415 547 540 546 541 673 416 674 plane P0000__1__1200___3600 0.15
351 227 476 226 477 353 352 353 plane P0000__1__1200___3600 0.15
415 291 540 290 541 416 416 417 plane P0000__1__1200___3600 0.14
223 227 349 226 350 353 224 354 plane P0000__1__1200___3600 0.13
287 162 413 162 414 288 288 289 plane P0000__1__1200___3600 0.12
159 291 284 290 285 417 160 418 plane P0000__1__1200___3600 0.12
351 610 476 610 477 737 352 738 plane P0000__1__1200___3600 0.12
479 482 605 482 605 608 480 609 plane P0000__1__1200___3600 0.11
