83.0 694.0 134.0 582.0 264.0 627.0 220.0 745.0 plane 0
198.0 427.0 240.0 315.0 376.0 366.0 325.0 482.0 plane 0
325.0 206.0 431.0 142.0 506.0 269.0 411.0 329.0 plane 0
259.0 175.0 267.0 168.0 279.0 181.0 271.0 187.0 large-vehicle 0
273.0 159.0 289.0 172.0 284.0 177.0 269.0 165.0 large-vehicle 0
276.0 156.0 283.0 151.0 296.0 164.0 290.0 168.0 large-vehicle 0
364.0 87.0 372.0 81.0 382.0 99.0 373.0 106.0 large-vehicle 0
374.0 79.0 384.0 74.0 396.0 95.0 387.0 101.0 large-vehicle 0
398.0 69.0 407.0 65.0 418.0 85.0 408.0 90.0 large-vehicle 0
531.0 60.0 519.0 58.0 520.0 33.0 531.0 32.0 large-vehicle 0
44.0 800.0 78.0 722.0 213.0 768.0 197.0 800.0 plane 2
