117.0 76.0 126.0 78.0 122.0 95.0 114.0 90.0 small-vehicle 0
137.0 82.0 144.0 84.0 139.0 101.0 131.0 98.0 small-vehicle 0
58.0 242.0 48.0 237.0 57.0 222.0 67.0 225.0 small-vehicle 1
135.0 122.0 154.0 129.0 150.0 136.0 133.0 128.0 small-vehicle 0
173.0 137.0 188.0 144.0 184.0 151.0 170.0 144.0 small-vehicle 0
209.0 153.0 227.0 161.0 223.0 168.0 206.0 160.0 small-vehicle 0
96.0 122.0 105.0 124.0 97.0 141.0 91.0 137.0 small-vehicle 0
107.0 126.0 114.0 130.0 106.0 145.0 100.0 141.0 small-vehicle 0
111.0 140.0 118.0 141.0 112.0 157.0 106.0 154.0 small-vehicle 1
324.0 113.0 326.0 106.0 345.0 115.0 342.0 122.0 small-vehicle 0
335.0 95.0 339.0 88.0 355.0 97.0 350.0 104.0 small-vehicle 1
256.0 282.0 264.0 286.0 256.0 303.0 249.0 298.0 small-vehicle 0
40.0 310.0 31.0 304.0 39.0 290.0 46.0 293.0 small-vehicle 0
12.0 341.0 7.0 336.0 13.0 324.0 21.0 329.0 small-vehicle 1
28.0 303.0 23.0 300.0 28.0 287.0 36.0 290.0 small-vehicle 1
191.0 349.0 196.0 351.0 189.0 367.0 185.0 363.0 small-vehicle 0
199.0 354.0 205.0 357.0 199.0 370.0 193.0 368.0 small-vehicle 1
223.0 361.0 230.0 364.0 223.0 376.0 217.0 372.0 small-vehicle 1
