630.0 474.0 628.0 466.0 640.0 454.0 644.0 466.0 small-vehicle 0
636.0 513.0 633.0 506.0 646.0 498.0 650.0 506.0 small-vehicle 0
624.0 492.0 620.0 484.0 634.0 475.0 637.0 482.0 small-vehicle 0
425.0 655.0 424.0 647.0 441.0 641.0 442.0 649.0 small-vehicle 0
477.0 652.0 474.0 646.0 492.0 636.0 496.0 644.0 small-vehicle 1
384.0 684.0 383.0 678.0 396.0 674.0 398.0 681.0 small-vehicle 1
402.0 679.0 399.0 672.0 416.0 666.0 418.0 674.0 small-vehicle 1
319.0 357.0 327.0 360.0 318.0 376.0 310.0 373.0 small-vehicle 0
344.0 365.0 351.0 369.0 345.0 384.0 338.0 381.0 small-vehicle 1
42.0 645.0 44.0 637.0 63.0 643.0 61.0 651.0 small-vehicle 0
106.0 615.0 108.0 607.0 129.0 610.0 128.0 617.0 small-vehicle 1
281.0 482.0 273.0 477.0 281.0 465.0 287.0 468.0 small-vehicle 1
