294.0 94.0 303.0 92.0 306.0 109.0 296.0 111.0 small-vehicle 1
291.0 357.0 297.0 364.0 288.0 376.0 282.0 372.0 small-vehicle 1
261.0 159.0 272.0 157.0 271.0 171.0 260.0 172.0 small-vehicle 1
253.0 36.0 259.0 34.0 265.0 45.0 258.0 48.0 small-vehicle 1
293.0 294.0 301.0 297.0 297.0 314.0 288.0 311.0 small-vehicle 1
264.0 331.0 272.0 333.0 270.0 345.0 262.0 343.0 small-vehicle 1
278.0 162.0 286.0 161.0 286.0 175.0 278.0 175.0 small-vehicle 1
298.0 184.0 307.0 183.0 308.0 198.0 300.0 200.0 small-vehicle 1
226.0 110.0 236.0 107.0 239.0 134.0 229.0 135.0 large-vehicle 0
296.0 159.0 305.0 158.0 307.0 171.0 296.0 173.0 small-vehicle 1
234.0 143.0 242.0 141.0 245.0 158.0 236.0 159.0 large-vehicle 0
297.0 268.0 307.0 270.0 303.0 286.0 295.0 283.0 small-vehicle 1
