453.0 34.0 446.0 27.0 457.0 14.0 464.0 20.0 small-vehicle 1
259.0 775.0 267.0 768.0 279.0 781.0 271.0 787.0 large-vehicle 0
273.0 759.0 289.0 772.0 284.0 777.0 269.0 765.0 large-vehicle 0
276.0 756.0 283.0 751.0 296.0 764.0 290.0 768.0 large-vehicle 0
364.0 687.0 372.0 681.0 382.0 699.0 373.0 706.0 large-vehicle 0
374.0 679.0 384.0 674.0 396.0 695.0 387.0 701.0 large-vehicle 0
398.0 669.0 407.0 665.0 418.0 685.0 408.0 690.0 large-vehicle 0
531.0 660.0 519.0 658.0 520.0 633.0 531.0 632.0 large-vehicle 0
522.0 1.0 532.0 1.0 524.0 13.0 517.0 7.0 small-vehicle 0
489.0 1.0 502.0 1.0 492.0 17.0 483.0 10.0 small-vehicle 0
414.0 64.0 422.0 71.0 410.0 84.0 403.0 75.0 small-vehicle 0
203.0 179.0 200.0 187.0 183.0 180.0 187.0 172.0 small-vehicle 1
326.0 136.0 330.0 142.0 314.0 151.0 310.0 143.0 small-vehicle 1
