P0000 0.5 2214.0 3292.0 2338.0 3291.0 2340.0 3417.0 2216.0 3419.0
P0000 0.45 2815.0 1020.0 2939.0 1019.0 2940.0 1145.0 2816.0 1146.0
P0000 0.44 1959.0 1148.0 2083.0 1146.0 2084.0 1273.0 1960.0 1274.0
P0000 0.43 3234.0 1747.0 3358.0 1746.0 3360.0 1873.0 3235.0 1874.0
P0000 0.42 2751.0 2348.0 2875.0 2346.0 2876.0 2473.0 2752.0 2474.0
P0000 0.42 3351.0 3228.0 3475.0 3226.0 3476.0 3353.0 3352.0 3354.0
P0000 0.42 3223.0 3484.0 3347.0 3482.0 3348.0 3609.0 3224.0 3610.0
P0000 0.41 695.0 4300.0 819.0 4299.0 820.0 4425.0 696.0 4426.0
P0000 0.41 2879.0 827.0 3004.0 826.0 3005.0 953.0 2880.0 954.0
P0000 0.39 3490.0 2692.0 3614.0 2691.0 3615.0 2817.0 3491.0 2818.0
P0000 0.34 1487.0 4019.0 1612.0 4018.0 1613.0 4145.0 1488.0 4146.0
P0000 0.32 2087.0 3292.0 2211.0 3290.0 2213.0 3417.0 2088.0 3419.0
P0000 0.3 2215.0 3420.0 2338.0 3418.0 2339.0 3545.0 2216.0 3547.0
P0000 0.3 2879.0 2219.0 3004.0 2218.0 3005.0 2345.0 2880.0 2346.0
P0000 0.29 3415.0 1084.0 3540.0 1082.0 3541.0 1209.0 3416.0 1210.0
P0000 0.29 3351.0 3355.0 3475.0 3354.0 3476.0 3481.0 3352.0 3482.0
P0000 0.28 823.0 3891.0 948.0 3890.0 949.0 4017.0 824.0 4018.0
P0000 0.28 2687.0 3763.0 2812.0 3762.0 2813.0 3889.0 2688.0 3890.0
P0000 0.28 2495.0 1619.0 2620.0 1618.0 2621.0 1745.0 2496.0 1746.0
P0000 0.28 2879.0 699.0 3004.0 698.0 3005.0 825.0 2880.0 826.0
P0000 0.27 3095.0 3763.0 3220.0 3762.0 3221.0 3889.0 3096.0 3890.0
P0000 0.26 759.0 4148.0 883.0 4147.0 884.0 4273.0 760.0 4274.0
P0000 0.26 3159.0 1835.0 3285.0 1834.0 3285.0 1960.0 3160.0 1961.0
P0000 0.26 3479.0 3227.0 3603.0 3226.0 3604.0 3353.0 3480.0 3354.0
P0000 0.25 2815.0 1147.0 2939.0 1146.0 2940.0 1273.0 2816.0 1274.0
P0000 0.25 2879.0 4147.0 3005.0 4146.0 3005.0 4273.0 2880.0 4274.0
P0000 0.25 3618.0 2691.0 3743.0 2690.0 3744.0 2816.0 3619.0 2817.0
P0000 0.25 2623.0 2347.0 2748.0 2346.0 2749.0 2473.0 2624.0 2474.0
P0000 0.25 3223.0 3356.0 3346.0 3354.0 3348.0 3481.0 3224.0 3483.0
P0000 0.24 2751.0 2219.0 2876.0 2218.0 2877.0 2345.0 2752.0 2346.0
P0000 0.24 607.0 4363.0 732.0 4362.0 733.0 4488.0 608.0 4490.0
P0000 0.24 1959.0 1020.0 2083.0 1018.0 2084.0 1145.0 1960.0 1146.0
P0000 0.24 3223.0 1619.0 3348.0 1618.0 3349.0 1745.0 3224.0 1746.0
P0000 0.23 2087.0 3419.0 2211.0 3418.0 2212.0 3545.0 2088.0 3546.0
P0000 0.23 1487.0 3891.0 1612.0 3890.0 1613.0 4017.0 1488.0 4018.0
P0000 0.23 2879.0 2347.0 3003.0 2346.0 3004.0 2473.0 2880.0 2474.0
P0000 0.23 951.0 3763.0 1076.0 3762.0 1077.0 3889.0 952.0 3889.0
P0000 0.23 3223.0 3611.0 3346.0 3610.0 3348.0 3737.0 3224.0 3738.0
P0000 0.22 3351.0 3099.0 3476.0 3098.0 3477.0 3225.0 3352.0 3226.0
P0000 0.22 2687.0 1019.0 2811.0 1018.0 2813.0 1145.0 2688.0 1147.0
P0000 0.22 3479.0 3099.0 3604.0 3098.0 3605.0 3225.0 3480.0 3226.0
P0000 0.22 631.0 4147.0 755.0 4146.0 757.0 4273.0 632.0 4275.0
P0000 0.21 3351.0 3483.0 3475.0 3482.0 3476.0 3609.0 3352.0 3610.0
P0000 0.21 1679.0 419.0 1804.0 418.0 1805.0 545.0 1680.0 545.0
P0000 0.21 3490.0 2819.0 3614.0 2818.0 3615.0 2945.0 3491.0 2946.0
P0000 0.21 3095.0 1747.0 3220.0 1746.0 3221.0 1873.0 3096.0 1874.0
P0000 0.2 823.0 4019.0 948.0 4018.0 949.0 4145.0 824.0 4146.0
P0000 0.2 3007.0 4147.0 3133.0 4146.0 3133.0 4272.0 3008.0 4273.0
P0000 0.2 3287.0 1083.0 3412.0 1082.0 3413.0 1209.0 3288.0 1210.0
P0000 0.2 2751.0 827.0 2876.0 826.0 2877.0 953.0 2752.0 954.0
P0000 0.2 1359.0 4491.0 1484.0 4490.0 1485.0 4617.0 1360.0 4618.0
P0000 0.2 2943.0 1019.0 3068.0 1018.0 3069.0 1144.0 2944.0 1145.0
P0000 0.19 3007.0 2219.0 3131.0 2218.0 3132.0 2345.0 3008.0 2346.0
P0000 0.19 3554.0 1083.0 3679.0 1082.0 3680.0 1209.0 3555.0 1210.0
P0000 0.19 1679.0 547.0 1804.0 546.0 1805.0 672.0 1680.0 673.0
P0000 0.19 1615.0 4019.0 1740.0 4018.0 1741.0 4144.0 1616.0 4145.0
P0000 0.18 3618.0 2819.0 3742.0 2818.0 3743.0 2945.0 3619.0 2946.0
P0000 0.18 695.0 4427.0 819.0 4426.0 820.0 4553.0 696.0 4554.0
P0000 0.18 1551.0 291.0 1676.0 290.0 1677.0 417.0 1552.0 418.0
P0000 0.18 823.0 3763.0 948.0 3762.0 949.0 3889.0 824.0 3890.0
P0000 0.18 1959.0 483.0 2085.0 482.0 2085.0 608.0 1960.0 609.0
P0000 0.18 951.0 3891.0 1076.0 3890.0 1077.0 4017.0 952.0 4018.0
P0000 0.18 1831.0 1147.0 1956.0 1145.0 1957.0 1273.0 1832.0 1275.0
P0000 0.18 2215.0 3163.0 2339.0 3162.0 2340.0 3289.0 2216.0 3290.0
P0000 0.17 2879.0 2091.0 3004.0 2090.0 3005.0 2217.0 2880.0 2218.0
P0000 0.17 3362.0 2691.0 3487.0 2690.0 3488.0 2817.0 3363.0 2818.0
P0000 0.17 3415.0 1211.0 3540.0 1210.0 3541.0 1337.0 3416.0 1338.0
P0000 0.17 1679.0 291.0 1804.0 290.0 1805.0 417.0 1680.0 418.0
P0000 0.17 3223.0 3763.0 3348.0 3762.0 3349.0 3888.0 3224.0 3889.0
P0000 0.17 3007.0 827.0 3132.0 826.0 3133.0 953.0 3008.0 954.0
P0000 0.16 1551.0 763.0 1677.0 762.0 1677.0 889.0 1552.0 890.0
P0000 0.16 3234.0 3227.0 3359.0 3226.0 3360.0 3353.0 3235.0 3354.0
P0000 0.16 1487.0 4147.0 1612.0 4146.0 1613.0 4273.0 1488.0 4274.0
P0000 0.16 2215.0 2947.0 2340.0 2946.0 2341.0 3073.0 2216.0 3073.0
P0000 0.16 2343.0 1683.0 2469.0 1682.0 2470.0 1809.0 2344.0 1810.0
P0000 0.16 3095.0 3483.0 3219.0 3482.0 3220.0 3610.0 3096.0 3611.0
P0000 0.16 695.0 3891.0 820.0 3890.0 821.0 4017.0 696.0 4018.0
P0000 0.16 2751.0 2475.0 2876.0 2474.0 2877.0 2600.0 2752.0 2600.0
P0000 0.15 759.0 99.0 885.0 98.0 886.0 225.0 760.0 225.0
P0000 0.15 2751.0 4146.0 2877.0 4146.0 2878.0 4273.0 2752.0 4274.0
P0000 0.15 1807.0 418.0 1933.0 418.0 1934.0 544.0 1808.0 545.0
P0000 0.15 1359.0 4018.0 1485.0 4017.0 1485.0 4145.0 1360.0 4146.0
P0000 0.15 1615.0 4147.0 1740.0 4146.0 1741.0 4273.0 1616.0 4274.0
P0000 0.15 1551.0 419.0 1676.0 418.0 1677.0 545.0 1552.0 546.0
P0000 0.15 543.0 163.0 669.0 162.0 670.0 289.0 544.0 289.0
P0000 0.15 3094.0 3611.0 3218.0 3610.0 3219.0 3738.0 3096.0 3739.0
P0000 0.14 2087.0 3762.0 2213.0 3762.0 2214.0 3888.0 2088.0 3889.0
P0000 0.14 1959.0 891.0 2084.0 890.0 2085.0 1017.0 1960.0 1018.0
P0000 0.14 479.0 4363.0 604.0 4362.0 605.0 4488.0 480.0 4489.0
P0000 0.14 351.0 3291.0 477.0 3290.0 478.0 3416.0 352.0 3417.0
P0000 0.14 1959.0 1275.0 2083.0 1274.0 2084.0 1400.0 1960.0 1400.0
P0000 0.14 2751.0 699.0 2877.0 698.0 2878.0 825.0 2752.0 826.0
P0000 0.14 2687.0 1147.0 2812.0 1146.0 2813.0 1273.0 2688.0 1274.0
P0000 0.14 1015.0 3610.0 1141.0 3609.0 1142.0 3736.0 1016.0 3737.0
P0000 0.14 2087.0 3547.0 2212.0 3546.0 2213.0 3673.0 2088.0 3674.0
P0000 0.14 3543.0 1210.0 3668.0 1209.0 3669.0 1337.0 3544.0 1337.0
P0000 0.14 1615.0 3891.0 1740.0 3890.0 1741.0 4016.0 1616.0 4017.0
P0000 0.14 2087.0 3163.0 2212.0 3162.0 2213.0 3289.0 2088.0 3290.0
P0000 0.14 2623.0 1619.0 2748.0 1618.0 2749.0 1744.0 2624.0 1745.0
P0000 0.14 1359.0 4618.0 1484.0 4617.0 1485.0 4745.0 1360.0 4746.0
P0000 0.14 159.0 3483.0 285.0 3482.0 285.0 3609.0 160.0 3610.0
P0000 0.14 2559.0 3762.0 2684.0 3762.0 2685.0 3889.0 2560.0 3890.0
P0000 0.13 3007.0 4019.0 3132.0 4018.0 3133.0 4144.0 3008.0 4145.0
P0000 0.13 1079.0 3763.0 1204.0 3762.0 1205.0 3889.0 1080.0 3890.0
P0000 0.13 2879.0 4019.0 3004.0 4018.0 3005.0 4145.0 2880.0 4146.0
P0000 0.13 3618.0 2562.0 3743.0 2562.0 3744.0 2689.0 3619.0 2690.0
P0000 0.13 823.0 4299.0 948.0 4298.0 949.0 4425.0 824.0 4426.0
P0000 0.13 3007.0 699.0 3132.0 698.0 3133.0 825.0 3008.0 825.0
P0000 0.13 2495.0 1747.0 2620.0 1746.0 2621.0 1873.0 2496.0 1874.0
P0000 0.13 3351.0 1747.0 3476.0 1746.0 3477.0 1873.0 3352.0 1874.0
P0000 0.13 3095.0 1618.0 3221.0 1618.0 3222.0 1745.0 3096.0 1746.0
P0000 0.13 479.0 3290.0 605.0 3290.0 606.0 3416.0 480.0 3417.0
P0000 0.13 1807.0 291.0 1933.0 290.0 1933.0 417.0 1808.0 417.0
P0000 0.13 543.0 546.0 669.0 545.0 670.0 672.0 544.0 673.0
P0000 0.13 2215.0 2818.0 2341.0 2818.0 2342.0 2944.0 2216.0 2945.0
P0000 0.13 3479.0 3355.0 3603.0 3354.0 3604.0 3481.0 3480.0 3482.0
P0000 0.13 1487.0 4490.0 1612.0 4490.0 1613.0 4616.0 1488.0 4617.0
P0000 0.13 2343.0 3291.0 2467.0 3290.0 2468.0 3417.0 2344.0 3418.0
P0000 0.12 3362.0 4490.0 3488.0 4490.0 3489.0 4617.0 3363.0 4617.0
P0000 0.12 3287.0 1834.0 3413.0 1834.0 3413.0 1960.0 3288.0 1961.0
P0000 0.12 3351.0 3611.0 3475.0 3610.0 3476.0 3737.0 3352.0 3738.0
P0000 0.12 1423.0 290.0 1549.0 290.0 1550.0 417.0 1424.0 418.0
P0000 0.12 1551.0 546.0 1676.0 545.0 1677.0 673.0 1552.0 674.0
P0000 0.12 2343.0 1554.0 2469.0 1553.0 2469.0 1681.0 2344.0 1682.0
P0000 0.12 2087.0 482.0 2213.0 482.0 2213.0 609.0 2088.0 609.0
P0000 0.12 2087.0 610.0 2213.0 609.0 2214.0 736.0 2088.0 737.0
P0000 0.12 3479.0 2563.0 3604.0 2562.0 3605.0 2689.0 3480.0 2690.0
P0000 0.12 607.0 4491.0 733.0 4490.0 733.0 4616.0 608.0 4617.0
P0000 0.12 631.0 4019.0 756.0 4018.0 757.0 4145.0 632.0 4146.0
P0000 0.12 351.0 3418.0 477.0 3418.0 478.0 3544.0 352.0 3545.0
P0000 0.12 543.0 290.0 669.0 289.0 670.0 417.0 544.0 417.0
P0000 0.12 3287.0 955.0 3412.0 954.0 3413.0 1081.0 3288.0 1082.0
P0000 0.12 223.0 3291.0 348.0 3290.0 349.0 3417.0 224.0 3418.0
P0000 0.12 3007.0 2090.0 3132.0 2089.0 3133.0 2217.0 3008.0 2218.0
P0000 0.12 1487.0 3762.0 1613.0 3762.0 1614.0 3888.0 1488.0 3889.0
P0000 0.12 2623.0 2219.0 2749.0 2218.0 2750.0 2345.0 2624.0 2346.0
P0000 0.12 3095.0 3891.0 3220.0 3890.0 3221.0 4017.0 3096.0 4018.0
P0000 0.12 2495.0 1490.0 2620.0 1490.0 2621.0 1617.0 2496.0 1618.0
P0000 0.12 1359.0 3891.0 1484.0 3890.0 1485.0 4017.0 1360.0 4018.0
P0000 0.12 2087.0 1147.0 2211.0 1146.0 2212.0 1273.0 2088.0 1273.0
P0000 0.12 1423.0 954.0 1549.0 954.0 1550.0 1080.0 1424.0 1081.0
P0000 0.12 1831.0 1019.0 1956.0 1018.0 1957.0 1145.0 1832.0 1146.0
P0000 0.12 887.0 98.0 1013.0 98.0 1014.0 224.0 888.0 225.0
P0000 0.11 1959.0 610.0 2085.0 610.0 2085.0 737.0 1960.0 737.0
P0000 0.11 415.0 2562.0 541.0 2562.0 542.0 2688.0 416.0 2689.0
P0000 0.11 3159.0 1963.0 3284.0 1962.0 3284.0 2089.0 3159.0 2089.0
P0000 0.11 479.0 3418.0 605.0 3418.0 606.0 3544.0 480.0 3545.0
P0000 0.11 3287.0 1211.0 3412.0 1210.0 3413.0 1337.0 3288.0 1338.0
P0000 0.11 2687.0 3634.0 2812.0 3634.0 2813.0 3761.0 2688.0 3762.0
P0000 0.11 2687.0 3891.0 2812.0 3890.0 2813.0 4017.0 2688.0 4018.0
P0000 0.11 3031.0 1834.0 3157.0 1833.0 3158.0 1961.0 3032.0 1962.0
P0000 0.11 3159.0 954.0 3285.0 954.0 3286.0 1081.0 3160.0 1081.0
P0000 0.11 3415.0 955.0 3540.0 954.0 3541.0 1081.0 3416.0 1082.0
P0000 0.11 759.0 226.0 885.0 225.0 885.0 352.0 760.0 353.0
P0000 0.11 1807.0 1426.0 1933.0 1425.0 1934.0 1553.0 1808.0 1553.0
P0000 0.11 3095.0 4082.0 3221.0 4081.0 3222.0 4209.0 3096.0 4210.0
P0000 0.11 1959.0 763.0 2085.0 762.0 2085.0 889.0 1960.0 889.0
P0000 0.11 3618.0 2947.0 3743.0 2946.0 3744.0 3072.0 3619.0 3073.0
P0000 0.11 1551.0 890.0 1677.0 890.0 1677.0 1017.0 1552.0 1018.0
P0000 0.11 543.0 34.0 669.0 33.0 670.0 160.0 544.0 161.0
P0000 0.11 415.0 162.0 541.0 162.0 542.0 289.0 416.0 289.0
P0000 0.11 543.0 418.0 669.0 417.0 670.0 544.0 544.0 545.0
P0000 0.11 159.0 1490.0 285.0 1489.0 286.0 1616.0 160.0 1617.0
P0000 0.11 2087.0 3890.0 2213.0 3890.0 2214.0 4016.0 2088.0 4017.0
P0000 0.11 2343.0 2819.0 2468.0 2818.0 2469.0 2945.0 2344.0 2945.0
P0000 0.11 759.0 1146.0 885.0 1146.0 886.0 1272.0 760.0 1273.0
P0000 0.11 2943.0 1147.0 3068.0 1146.0 3069.0 1273.0 2944.0 1273.0
P0000 0.11 1895.0 1491.0 2021.0 1490.0 2022.0 1617.0 1896.0 1618.0
P0000 0.11 1807.0 546.0 1933.0 546.0 1934.0 672.0 1808.0 673.0
P0000 0.11 159.0 1082.0 285.0 1082.0 286.0 1208.0 160.0 1209.0
P0000 0.11 631.0 98.0 757.0 97.0 758.0 224.0 632.0 225.0
P0000 0.11 2343.0 2690.0 2469.0 2689.0 2470.0 2816.0 2344.0 2817.0
P0000 0.1 415.0 546.0 541.0 546.0 542.0 672.0 416.0 673.0
P0000 0.1 3223.0 3099.0 3349.0 3098.0 3350.0 3225.0 3224.0 3226.0
P0000 0.1 2815.0 547.0 2940.0 546.0 2941.0 673.0 2816.0 674.0
P0000 0.1 2623.0 1490.0 2748.0 1489.0 2749.0 1617.0 2624.0 1617.0
P0000 0.1 2623.0 2474.0 2748.0 2473.0 2749.0 2600.0 2624.0 2600.0
P0000 0.1 223.0 3162.0 349.0 3161.0 350.0 3288.0 224.0 3289.0
P0000 0.1 1807.0 1298.0 1933.0 1297.0 1934.0 1425.0 1808.0 1425.0
P0000 0.1 1143.0 3610.0 1269.0 3609.0 1270.0 3736.0 1144.0 3737.0
P0000 0.1 2815.0 3762.0 2940.0 3762.0 2941.0 3889.0 2816.0 3890.0
P0000 0.1 3159.0 1082.0 3285.0 1082.0 3286.0 1209.0 3160.0 1210.0
P0000 0.1 3095.0 4298.0 3221.0 4298.0 3222.0 4424.0 3096.0 4425.0
P0000 0.1 2343.0 3419.0 2467.0 3418.0 2468.0 3545.0 2344.0 3546.0
P0000 0.1 2751.0 1362.0 2877.0 1361.0 2878.0 1488.0 2752.0 1489.0
