P0000 0.56 3571.0 1220.0 3580.0 1221.0 3577.0 1250.0 3568.0 1249.0
P0000 0.56 3563.0 1212.0 3572.0 1213.0 3569.0 1242.0 3560.0 1241.0
P0000 0.55 3579.0 1220.0 3588.0 1221.0 3585.0 1250.0 3576.0 1249.0
P0000 0.54 3555.0 1212.0 3564.0 1213.0 3561.0 1242.0 3552.0 1241.0
P0000 0.53 3587.0 1220.0 3596.0 1221.0 3593.0 1250.0 3584.0 1249.0
P0000 0.48 3595.0 1220.0 3604.0 1221.0 3601.0 1250.0 3592.0 1249.0
P0000 0.48 3547.0 1212.0 3556.0 1213.0 3553.0 1242.0 3544.0 1241.0
P0000 0.43 3555.0 1237.0 3568.0 1236.0 3569.0 1254.0 3556.0 1255.0
P0000 0.41 3539.0 1212.0 3548.0 1213.0 3545.0 1241.0 3536.0 1240.0
P0000 0.41 3603.0 1220.0 3612.0 1221.0 3609.0 1250.0 3600.0 1249.0
P0000 0.37 3572.0 1245.0 3585.0 1245.0 3585.0 1262.0 3572.0 1262.0
P0000 0.34 3539.0 1237.0 3553.0 1236.0 3553.0 1254.0 3540.0 1255.0
P0000 0.33 3530.0 1213.0 3539.0 1214.0 3537.0 1241.0 3528.0 1240.0
P0000 0.33 3611.0 1220.0 3620.0 1221.0 3617.0 1249.0 3608.0 1248.0
P0000 0.26 3522.0 1213.0 3531.0 1214.0 3529.0 1241.0 3520.0 1240.0
P0000 0.25 3604.0 1245.0 3617.0 1244.0 3617.0 1262.0 3604.0 1262.0
P0000 0.25 3570.0 1200.0 3579.0 1200.0 3577.0 1225.0 3568.0 1224.0
P0000 0.25 3618.0 1221.0 3627.0 1221.0 3625.0 1249.0 3616.0 1248.0
P0000 0.24 3583.0 1253.0 3596.0 1252.0 3597.0 1270.0 3583.0 1270.0
P0000 0.23 3586.0 1200.0 3595.0 1200.0 3593.0 1225.0 3584.0 1224.0
P0000 0.22 3524.0 1237.0 3537.0 1236.0 3537.0 1254.0 3524.0 1254.0
P0000 0.19 3514.0 1213.0 3523.0 1214.0 3521.0 1241.0 3512.0 1240.0
P0000 0.18 3578.0 1197.0 3588.0 1198.0 3585.0 1225.0 3576.0 1224.0
P0000 0.18 3551.0 1253.0 3564.0 1252.0 3565.0 1270.0 3551.0 1270.0
P0000 0.18 3626.0 1221.0 3635.0 1222.0 3633.0 1249.0 3624.0 1248.0
P0000 0.18 3540.0 1253.0 3553.0 1253.0 3553.0 1270.0 3540.0 1270.0
P0000 0.17 3556.0 1189.0 3569.0 1188.0 3570.0 1206.0 3556.0 1206.0
P0000 0.17 3596.0 1205.0 3610.0 1205.0 3610.0 1221.0 3596.0 1222.0
P0000 0.16 3618.0 1245.0 3627.0 1246.0 3625.0 1273.0 3616.0 1272.0
P0000 0.15 3570.0 1173.0 3580.0 1174.0 3577.0 1201.0 3568.0 1200.0
P0000 0.14 3505.0 1214.0 3515.0 1214.0 3513.0 1241.0 3503.0 1240.0
P0000 0.14 3540.0 1189.0 3553.0 1188.0 3554.0 1206.0 3540.0 1206.0
P0000 0.12 3508.0 1237.0 3522.0 1236.0 3522.0 1253.0 3508.0 1254.0
P0000 0.12 3577.0 1261.0 3587.0 1262.0 3585.0 1289.0 3576.0 1288.0
P0000 0.12 3626.0 1245.0 3635.0 1246.0 3633.0 1273.0 3624.0 1272.0
P0000 0.11 3562.0 1165.0 3571.0 1166.0 3569.0 1193.0 3560.0 1192.0
P0000 0.11 3524.0 1253.0 3538.0 1253.0 3538.0 1270.0 3524.0 1270.0
P0000 0.11 3612.0 1205.0 3626.0 1205.0 3626.0 1221.0 3612.0 1221.0
P0000 0.11 3631.0 1237.0 3645.0 1236.0 3645.0 1253.0 3631.0 1253.0
P0000 0.11 3601.0 1262.0 3611.0 1262.0 3609.0 1289.0 3599.0 1288.0
P0000 0.11 3529.0 1182.0 3539.0 1183.0 3537.0 1209.0 3527.0 1208.0
P0000 0.11 3586.0 1173.0 3595.0 1174.0 3593.0 1201.0 3584.0 1200.0
P0000 0.1 3578.0 1165.0 3587.0 1166.0 3585.0 1193.0 3576.0 1192.0
