P0000__1__3000___1200 0.41 223 547 348 546 349 673 224 674
P0000__1__3000___1200 0.32 159 483 284 482 285 609 160 610
P0000__1__3000___1200 0.29 159 611 284 610 285 737 160 738
P0000__1__3000___1200 0.26 287 483 411 482 413 609 288 610
P0000__1__3000___1200 0.24 223 419 348 418 349 545 224 546
P0000__1__3000___1200 0.21 95 547 220 546 221 673 96 674
P0000__1__3000___1200 0.19 287 611 411 610 412 737 288 738
P0000__1__3000___1200 0.14 223 675 348 674 349 800 224 800
P0000__1__3000___1200 0.13 351 547 476 546 477 673 352 674
P0000__1__3000___1200 0.13 95 418 221 418 222 545 96 546
P0000__1__3000___1200 0.12 159 355 285 354 286 481 160 482
P0000__1__0___3000 0.14 159 483 285 482 285 609 160 610
P0000__1__0___3000 0.14 415 354 541 354 542 480 416 481
P0000__1__0___3000 0.14 351 291 477 290 478 416 352 417
P0000__1__0___3000 0.13 287 354 413 354 413 480 288 481
P0000__1__0___3000 0.13 479 290 605 290 606 416 480 417
P0000__1__0___3000 0.13 223 418 349 418 349 545 224 545
P0000__1__0___3000 0.12 351 418 477 418 478 544 352 545
P0000__1__0___3000 0.12 95 546 221 545 222 673 96 673
P0000__1__0___3000 0.12 223 291 348 290 349 417 224 418
P0000__1__0___3000 0.11 287 227 413 226 414 352 288 353
P0000__1__0___3000 0.11 223 546 349 546 349 673 224 674
P0000__1__0___3000 0.11 159 354 285 354 285 481 160 482
P0000__1__0___3000 0.11 415 226 541 226 542 352 416 353
P0000__1__0___3000 0.11 95 418 221 418 222 545 96 546
P0000__1__0___3000 0.11 479 418 605 418 606 544 480 545
P0000__1__0___3000 0.11 287 482 412 481 413 609 288 610
P0000__1__0___3000 0.11 543 354 669 353 670 480 544 481
P0000__1__0___3000 0.1 223 162 349 161 350 288 224 289
P0000__1__0___3000 0.1 159 226 285 226 286 353 160 354
P0000__1__0___3000 0.1 415 482 541 481 542 608 416 609
P0000__1__3075___3600 0.26 95 163 219 162 220 289 96 290
P0000__1__3075___3600 0.18 31 99 156 98 157 225 32 226
P0000__1__3075___3600 0.18 159 99 284 98 285 225 160 225
P0000__1__3075___3600 0.16 31 227 156 226 157 353 32 354
P0000__1__3075___3600 0.13 159 227 284 226 284 353 160 354
P0000__1__3075___3600 0.13 95 35 220 34 221 161 96 162
P0000__1__3075___3600 0.12 95 291 220 290 221 417 96 418
P0000__1__3075___3600 0.1 223 162 348 162 349 288 224 289
P0000__1__3000___4200 0.11 351 226 477 226 478 352 352 353
P0000__1__3000___4200 0.1 95 98 221 98 222 224 96 225
P0000__1__2400___2400 0.18 351 35 476 34 477 161 352 162
P0000__1__2400___2400 0.14 223 35 349 34 350 161 224 161
P0000__1__2400___2400 0.13 287 99 412 98 413 225 288 226
P0000__1__2400___2400 0.11 415 99 540 98 541 225 416 226
P0000__1__2400___2400 0.1 159 98 284 98 285 225 160 225
P0000__1__600___3600 0.35 95 612 219 610 220 737 96 738
P0000__1__600___3600 0.28 223 291 348 290 349 417 224 418
P0000__1__600___3600 0.28 159 355 284 354 285 481 160 482
P0000__1__600___3600 0.26 159 548 283 547 284 673 160 674
P0000__1__600___3600 0.24 95 483 219 482 220 609 96 610
P0000__1__600___3600 0.24 287 227 412 226 413 353 288 354
P0000__1__600___3600 0.23 351 163 476 162 477 289 352 289
P0000__1__600___3600 0.22 31 547 155 546 157 673 32 675
P0000__1__600___3600 0.2 287 355 412 354 413 480 288 481
P0000__1__600___3600 0.2 223 419 348 418 349 545 224 546
P0000__1__600___3600 0.19 415 98 541 98 541 225 416 225
P0000__1__600___3600 0.18 351 291 476 290 477 417 352 418
P0000__1__600___3600 0.18 159 227 284 226 285 353 160 354
P0000__1__600___3600 0.18 287 99 413 98 414 225 288 225
P0000__1__600___3600 0.18 223 163 348 162 349 289 224 290
P0000__1__600___3600 0.17 415 227 540 226 541 353 416 354
P0000__1__600___3600 0.16 159 675 283 674 284 800 160 800
P0000__1__600___3600 0.16 95 291 220 290 221 417 96 418
P0000__1__600___3600 0.15 31 675 156 674 157 799 32 801
P0000__1__600___3600 0.13 479 163 604 162 605 289 480 290
P0000__1__600___3600 0.13 351 35 477 34 478 160 352 161
P0000__1__600___3600 0.13 223 611 347 610 348 737 224 738
P0000__1__600___3600 0.12 479 34 605 34 606 160 480 161
P0000__1__600___3600 0.12 31 419 156 418 157 545 32 546
P0000__1__600___3600 0.11 543 98 669 98 669 224 544 225
P0000__1__3075___4200 0.12 287 290 413 290 414 417 288 417
P0000__1__3075___4200 0.12 223 227 349 226 350 353 224 354
P0000__1__3000___1800 0.26 159 35 285 34 285 160 160 161
P0000__1__3000___1800 0.18 223 99 348 98 349 225 224 225
P0000__1__3000___1800 0.17 95 99 220 98 221 225 96 225
P0000__1__3000___1800 0.12 287 34 413 34 413 160 288 161
P0000__1__3000___1800 0.11 31 34 157 33 158 161 32 162
P0000__1__3000___1800 0.11 159 163 284 162 284 289 159 289
P0000__1__1800___0 0.18 159 483 285 482 285 608 160 609
P0000__1__1800___0 0.17 223 546 349 546 350 672 224 673
P0000__1__1800___0 0.15 95 419 220 418 221 545 96 546
P0000__1__1800___0 0.14 95 546 221 545 221 672 96 673
P0000__1__1800___0 0.12 287 482 413 482 413 609 288 609
P0000__1__1800___0 0.12 287 610 413 609 414 736 288 737
P0000__1__1800___0 0.12 351 546 477 546 478 673 352 673
P0000__1__1800___0 0.11 223 418 349 418 349 545 224 545
P0000__1__1800___0 0.11 31 482 156 481 157 609 32 610
P0000__1__1800___0 0.11 159 610 285 610 285 737 160 737
P0000__1__2400___600 0.45 415 420 539 419 540 545 416 546
P0000__1__2400___600 0.41 479 227 604 226 605 353 480 354
P0000__1__2400___600 0.36 351 483 475 482 476 609 352 610
P0000__1__2400___600 0.35 415 291 539 290 540 417 416 418
P0000__1__2400___600 0.34 479 355 603 354 604 481 480 482
P0000__1__2400___600 0.33 543 163 668 162 669 289 544 290
P0000__1__2400___600 0.32 351 356 475 354 476 481 352 483
P0000__1__2400___600 0.31 415 163 540 162 541 289 416 290
P0000__1__2400___600 0.29 479 483 603 482 604 608 480 609
P0000__1__2400___600 0.28 479 99 604 98 605 225 480 226
P0000__1__2400___600 0.27 543 291 667 290 668 417 544 418
P0000__1__2400___600 0.25 415 547 539 546 540 673 416 674
P0000__1__2400___600 0.22 287 419 411 418 413 545 288 547
P0000__1__2400___600 0.2 351 227 476 226 477 353 352 354
P0000__1__2400___600 0.2 543 419 668 418 669 544 544 545
P0000__1__2400___600 0.17 607 227 732 226 733 353 608 354
P0000__1__2400___600 0.14 351 99 477 98 478 225 352 226
P0000__1__2400___600 0.14 287 547 412 546 413 673 288 674
P0000__1__2400___600 0.14 287 291 412 290 413 417 288 418
P0000__1__2400___600 0.13 607 99 732 98 733 225 608 225
P0000__1__2400___600 0.13 607 355 732 354 733 480 608 481
P0000__1__2400___600 0.12 415 35 541 34 542 161 416 162
P0000__1__2400___600 0.12 543 35 669 34 669 161 544 162
P0000__1__2400___600 0.11 543 547 668 546 669 673 544 673
P0000__1__2400___600 0.11 351 611 475 610 476 737 352 738
P0000__1__2400___600 0.11 479 611 604 610 605 737 480 738
P0000__1__1200___0 0.21 479 419 604 418 605 545 480 545
P0000__1__1200___0 0.2 415 355 540 354 541 481 416 482
P0000__1__1200___0 0.2 543 355 669 354 670 481 544 481
P0000__1__1200___0 0.19 543 483 668 482 669 608 544 609
P0000__1__1200___0 0.19 479 547 604 546 605 672 480 673
P0000__1__1200___0 0.18 351 291 476 290 477 417 352 418
P0000__1__1200___0 0.18 415 483 540 482 541 609 416 610
P0000__1__1200___0 0.17 479 291 604 290 605 417 480 418
P0000__1__1200___0 0.15 607 418 733 418 734 544 608 545
P0000__1__1200___0 0.15 351 419 476 418 477 545 352 546
P0000__1__1200___0 0.15 287 354 413 354 414 481 288 481
P0000__1__1200___0 0.14 415 611 540 610 541 737 416 738
P0000__1__1200___0 0.13 287 227 413 226 413 353 288 354
P0000__1__1200___0 0.13 607 291 733 290 733 417 608 417
P0000__1__1200___0 0.13 415 227 540 226 541 353 416 354
P0000__1__1200___0 0.12 351 546 476 545 477 673 352 674
P0000__1__1200___0 0.12 223 290 349 290 350 417 224 418
P0000__1__1200___0 0.11 607 546 733 546 734 672 608 673
P0000__1__1200___0 0.11 543 227 668 226 669 353 544 354
P0000__1__1200___0 0.11 543 610 668 609 669 736 544 737
P0000__1__1800___2400 0.16 415 547 540 546 541 673 416 673
P0000__1__1800___2400 0.15 479 482 604 481 605 609 480 610
P0000__1__1800___2400 0.13 415 418 541 418 542 544 416 545
P0000__1__1800___2400 0.12 479 355 605 354 606 480 480 481
P0000__1__1800___2400 0.11 351 483 477 482 477 609 352 610
P0000__1__1800___2400 0.11 543 419 668 418 669 545 544 545
P0000__1__1800___2400 0.11 351 611 476 609 477 736 352 738
P0000__1__1800___2400 0.11 543 290 669 289 670 416 544 417
P0000__1__1800___2400 0.1 479 610 604 609 605 737 480 737
P0000__1__3000___2400 0.39 479 292 603 290 604 417 480 418
P0000__1__3000___2400 0.3 543 355 667 354 668 481 544 482
P0000__1__3000___2400 0.25 415 355 540 354 541 481 416 482
P0000__1__3000___2400 0.24 543 227 667 226 669 353 544 354
P0000__1__3000___2400 0.2 607 291 732 290 733 417 608 418
P0000__1__3000___2400 0.2 415 227 540 226 541 353 416 354
P0000__1__3000___2400 0.19 479 419 603 418 604 545 480 546
P0000__1__3000___2400 0.16 351 291 476 290 477 417 352 418
P0000__1__3000___2400 0.14 607 419 731 418 732 545 608 546
P0000__1__3000___2400 0.13 543 482 667 482 668 609 544 610
P0000__1__3000___2400 0.12 479 163 604 162 605 289 480 290
P0000__1__3000___2400 0.11 607 163 732 162 733 289 608 290
P0000__1__0___600 0.11 159 482 285 482 286 608 160 609
P0000__1__0___600 0.11 543 34 669 33 670 160 544 161
P0000__1__0___600 0.1 223 546 349 546 350 672 224 673
P0000__1__1200___4200 0.2 159 291 284 290 285 417 160 418
P0000__1__1200___4200 0.18 223 355 348 354 349 481 224 481
P0000__1__1200___4200 0.14 223 227 348 226 349 353 224 354
P0000__1__1200___4200 0.14 159 418 284 417 285 545 160 546
P0000__1__1200___4200 0.13 95 354 221 353 221 481 96 482
P0000__1__1200___4200 0.13 287 290 412 290 413 416 288 417
P0000__1__1200___4200 0.11 223 483 348 482 349 609 224 609
P0000__1__1200___4200 0.11 95 227 220 226 221 353 96 354
P0000__1__600___4200 0.41 95 100 219 99 220 225 96 226
P0000__1__600___4200 0.26 31 35 156 34 157 161 32 162
P0000__1__600___4200 0.26 159 35 284 34 285 161 160 162
P0000__1__600___4200 0.25 31 163 155 162 156 289 32 290
P0000__1__600___4200 0.2 159 163 283 162 284 289 160 290
P0000__1__600___4200 0.18 95 227 219 226 220 353 96 354
P0000__1__600___4200 0.13 223 99 348 98 349 225 224 226
P0000__1__600___4200 0.11 96 0 222 0 222 97 96 97
P0000__1__0___1200 0.11 159 290 285 289 286 416 160 417
P0000__1__1200___1200 0.11 607 226 733 225 734 353 608 353
P0000__1__1200___1200 0.1 607 98 733 97 734 225 608 225
P0000__1__600___3000 0.14 415 610 541 609 542 736 416 737
P0000__1__600___3000 0.12 479 546 605 546 606 673 480 673
P0000__1__600___3000 0.1 543 610 669 609 670 736 544 737
P0000__1__3075___2400 0.39 415 292 539 291 540 417 416 418
P0000__1__3075___2400 0.33 479 355 603 354 604 481 480 482
P0000__1__3075___2400 0.26 351 355 476 354 477 481 352 482
P0000__1__3075___2400 0.25 543 291 668 290 669 416 544 417
P0000__1__3075___2400 0.24 479 227 603 226 604 353 480 354
P0000__1__3075___2400 0.21 415 419 539 418 540 545 416 546
P0000__1__3075___2400 0.21 351 227 476 226 477 353 352 354
P0000__1__3075___2400 0.18 543 419 667 418 668 545 544 546
P0000__1__3075___2400 0.17 287 291 412 290 413 417 288 418
P0000__1__3075___2400 0.15 479 483 603 482 604 609 480 610
P0000__1__3075___2400 0.14 607 226 732 226 733 353 608 353
P0000__1__3075___2400 0.13 607 354 732 353 733 480 608 481
P0000__1__3075___2400 0.13 543 162 668 162 669 289 544 290
P0000__1__3075___2400 0.12 415 163 540 162 541 289 416 290
P0000__1__3075___2400 0.11 543 547 668 546 669 672 544 673
P0000__1__1200___600 0.16 351 163 477 162 477 289 352 290
P0000__1__1200___600 0.14 415 98 541 98 542 225 416 225
P0000__1__1200___600 0.13 287 226 412 225 413 353 288 354
P0000__1__1200___600 0.12 223 354 349 354 350 480 224 481
P0000__1__1200___600 0.12 287 98 413 98 414 225 288 225
P0000__1__1200___600 0.11 351 34 477 33 478 161 352 161
P0000__1__1200___600 0.11 607 546 733 545 734 673 608 674
P0000__1__1200___600 0.11 351 290 477 290 477 417 352 418
P0000__1__1200___600 0.1 159 418 285 417 286 544 160 545
P0000__1__1200___600 0.1 415 226 541 225 541 352 416 353
P0000__1__0___4200 0.24 607 163 732 162 733 288 608 290
P0000__1__0___4200 0.19 543 99 669 98 670 225 544 226
P0000__1__0___4200 0.17 543 227 669 226 670 353 544 353
P0000__1__0___4200 0.15 607 35 733 34 734 160 608 161
P0000__1__0___4200 0.15 671 98 796 98 797 224 672 225
P0000__1__0___4200 0.14 479 163 604 162 605 288 480 289
P0000__1__0___4200 0.12 671 226 797 226 797 353 672 353
P0000__1__0___4200 0.12 607 291 733 290 733 416 608 417
P0000__1__0___4200 0.1 415 226 541 226 542 352 416 353
P0000__1__3075___1200 0.43 159 547 283 546 285 673 160 674
P0000__1__3075___1200 0.34 95 483 220 482 221 609 96 610
P0000__1__3075___1200 0.33 95 611 220 610 221 737 96 738
P0000__1__3075___1200 0.23 223 483 347 482 348 609 224 610
P0000__1__3075___1200 0.21 31 547 156 546 157 673 32 674
P0000__1__3075___1200 0.21 159 419 284 418 285 545 160 546
P0000__1__3075___1200 0.19 223 611 347 610 348 737 224 738
P0000__1__3075___1200 0.14 159 675 283 674 284 800 160 800
P0000__1__3075___1200 0.12 287 546 412 545 412 673 288 674
P0000__1__3075___1200 0.11 31 418 157 417 158 545 32 546
P0000__1__3075___1200 0.11 95 355 221 354 222 481 96 482
P0000__1__600___0 0.15 159 99 285 98 286 225 160 225
P0000__1__600___0 0.14 95 163 220 162 221 288 96 289
P0000__1__600___0 0.12 287 98 413 98 414 224 288 225
P0000__1__600___0 0.12 223 163 349 162 349 288 224 289
P0000__1__600___0 0.12 223 34 349 34 350 161 224 161
P0000__1__600___0 0.11 96 35 221 34 222 161 96 161
P0000__1__600___0 0.11 159 226 285 225 285 352 160 353
P0000__1__600___0 0.11 31 98 157 97 158 224 32 225
P0000__1__1200___3600 0.34 287 419 412 418 413 545 288 546
P0000__1__1200___3600 0.29 351 355 476 354 477 480 352 481
P0000__1__1200___3600 0.26 223 355 348 354 349 481 224 482
P0000__1__1200___3600 0.25 351 483 476 482 477 609 352 610
P0000__1__1200___3600 0.23 287 291 412 290 413 417 288 418
P0000__1__1200___3600 0.19 415 419 540 418 541 544 416 545
P0000__1__1200___3600 0.18 223 483 348 482 349 609 224 610
P0000__1__1200___3600 0.16 287 547 412 546 413 673 288 674
P0000__1__1200___3600 0.15 159 418 285 417 285 545 160 546
P0000__1__1200___3600 0.15 415 547 540 546 541 673 416 674
P0000__1__1200___3600 0.15 351 227 476 226 477 353 352 353
P0000__1__1200___3600 0.14 415 291 540 290 541 416 416 417
P0000__1__1200___3600 0.13 223 227 349 226 350 353 224 354
P0000__1__1200___3600 0.12 287 162 413 162 414 288 288 289
P0000__1__1200___3600 0.12 159 291 284 290 285 417 160 418
P0000__1__1200___3600 0.12 351 610 476 610 477 737 352 738
P0000__1__1200___3600 0.11 479 482 605 482 605 608 480 609
P0000__1__0___0 0.15 543 163 669 162 670 289 544 289
P0000__1__0___0 0.14 607 98 733 97 734 224 608 225
P0000__1__0___0 0.13 543 546 669 545 670 672 544 673
P0000__1__0___0 0.13 607 227 733 226 734 352 608 353
P0000__1__0___0 0.13 479 226 605 225 606 353 480 354
P0000__1__0___0 0.12 479 99 605 98 606 225 480 225
P0000__1__0___0 0.12 543 290 669 289 670 417 544 417
P0000__1__0___0 0.11 607 482 733 482 734 608 608 609
P0000__1__0___0 0.11 543 418 669 417 670 544 544 545
P0000__1__0___0 0.11 479 482 605 481 606 608 480 609
P0000__1__0___0 0.11 415 162 541 162 542 289 416 289
P0000__1__0___0 0.11 543 34 669 33 670 160 544 161
P0000__1__0___0 0.1 415 546 541 546 542 672 416 673
P0000__1__2400___1800 0.42 351 548 475 546 476 673 352 674
P0000__1__2400___1800 0.33 415 483 539 482 540 609 416 610
P0000__1__2400___1800 0.31 287 611 412 610 413 737 288 738
P0000__1__2400___1800 0.3 479 419 604 418 605 545 480 546
P0000__1__2400___1800 0.29 287 484 412 482 413 609 288 610
P0000__1__2400___1800 0.28 415 611 539 610 540 737 416 738
P0000__1__2400___1800 0.25 543 355 668 354 669 481 544 482
P0000__1__2400___1800 0.25 223 547 348 546 349 673 224 674
P0000__1__2400___1800 0.24 351 419 476 418 477 545 352 546
P0000__1__2400___1800 0.23 479 547 603 546 604 673 480 674
P0000__1__2400___1800 0.22 543 483 667 482 668 609 544 610
P0000__1__2400___1800 0.2 415 355 540 354 541 481 416 482
P0000__1__2400___1800 0.19 607 419 731 418 732 545 608 546
P0000__1__2400___1800 0.17 479 291 604 290 605 417 480 418
P0000__1__2400___1800 0.16 351 675 476 674 477 800 352 800
P0000__1__2400___1800 0.13 159 610 285 610 285 737 160 738
P0000__1__2400___1800 0.12 607 290 732 289 733 417 608 418
P0000__1__2400___1800 0.12 223 419 349 418 350 545 224 546
P0000__1__2400___1800 0.12 159 483 285 482 285 609 160 610
P0000__1__2400___1800 0.12 543 226 668 225 669 353 544 354
P0000__1__2400___1800 0.11 287 355 413 354 414 481 288 482
P0000__1__2400___1800 0.1 223 674 348 673 349 800 224 800
P0000__1__3000___3000 0.42 351 228 475 226 476 353 352 354
P0000__1__3000___3000 0.42 223 484 347 482 348 609 224 610
P0000__1__3000___3000 0.38 415 164 539 162 541 289 416 290
P0000__1__3000___3000 0.35 287 420 411 418 412 545 288 546
P0000__1__3000___3000 0.31 415 291 539 290 540 417 416 418
P0000__1__3000___3000 0.29 351 355 475 354 476 481 352 482
P0000__1__3000___3000 0.29 287 291 411 290 412 417 288 418
P0000__1__3000___3000 0.28 287 547 410 546 412 673 288 674
P0000__1__3000___3000 0.27 158 547 282 546 284 673 160 674
P0000__1__3000___3000 0.27 159 420 283 419 284 546 160 547
P0000__1__3000___3000 0.26 287 164 411 162 413 289 288 290
P0000__1__3000___3000 0.26 479 227 603 226 604 353 480 354
P0000__1__3000___3000 0.25 223 356 346 354 348 481 224 483
P0000__1__3000___3000 0.23 223 611 346 610 348 737 224 738
P0000__1__3000___3000 0.22 351 99 476 98 477 225 352 226
P0000__1__3000___3000 0.22 479 99 604 98 605 225 480 226
P0000__1__3000___3000 0.21 351 483 475 482 476 609 352 610
P0000__1__3000___3000 0.16 223 227 348 226 349 353 224 354
P0000__1__3000___3000 0.16 543 163 668 162 669 289 544 290
P0000__1__3000___3000 0.16 95 483 219 482 220 610 96 611
P0000__1__3000___3000 0.15 415 419 539 418 540 545 416 546
P0000__1__3000___3000 0.15 94 611 218 610 219 738 96 739
P0000__1__3000___3000 0.13 479 355 603 354 604 481 480 482
P0000__1__3000___3000 0.13 159 675 283 674 284 799 160 801
P0000__1__3000___3000 0.12 351 611 475 610 476 737 352 738
P0000__1__3000___3000 0.12 415 35 540 34 541 161 416 162
P0000__1__3000___3000 0.11 543 291 668 290 669 417 544 417
P0000__1__3000___3000 0.1 159 291 284 290 284 418 160 418
P0000__1__3000___3000 0.1 223 99 349 98 350 225 224 226
P0000__1__2400___0 0.14 479 611 603 610 605 737 480 738
P0000__1__2400___0 0.11 543 675 668 674 669 800 544 800
P0000__1__2400___0 0.11 351 611 476 610 477 737 352 738
P0000__1__2400___0 0.1 415 675 540 674 541 800 416 800
P0000__1__2400___0 0.1 415 547 540 546 541 673 416 674
P0000__1__3000___3600 0.27 95 163 220 162 221 289 96 290
P0000__1__3000___3600 0.26 159 99 284 98 285 225 160 226
P0000__1__3000___3600 0.18 159 227 283 226 284 353 160 354
P0000__1__3000___3600 0.17 223 163 348 162 349 288 224 289
P0000__1__3000___3600 0.14 31 99 156 98 157 225 32 226
P0000__1__3000___3600 0.13 223 34 349 33 349 161 224 161
P0000__1__3000___3600 0.12 95 35 220 34 221 161 96 162
P0000__1__3000___3600 0.12 95 291 220 290 221 417 96 418
P0000__1__3000___3600 0.11 95 482 221 481 222 609 96 610
P0000__1__3000___3600 0.11 287 98 413 98 413 224 288 225
P0000__1__3000___3600 0.11 31 227 156 226 157 353 32 354
P0000__1__3075___600 0.29 351 484 475 482 477 609 352 610
P0000__1__3075___600 0.29 415 547 540 546 541 673 416 674
P0000__1__3075___600 0.23 287 547 412 546 413 673 288 674
P0000__1__3075___600 0.19 479 483 604 482 605 609 480 610
P0000__1__3075___600 0.18 223 483 348 482 349 609 224 610
P0000__1__3075___600 0.18 287 419 412 418 413 545 288 546
P0000__1__3075___600 0.17 351 611 476 610 477 737 352 738
P0000__1__3075___600 0.17 415 419 540 418 541 545 416 546
P0000__1__3075___600 0.14 479 610 604 610 605 737 480 737
P0000__1__3075___600 0.13 159 418 285 417 286 545 160 546
P0000__1__3075___600 0.11 159 546 285 546 286 673 160 674
P0000__1__3075___600 0.11 223 611 348 610 349 737 224 738
P0000__1__3075___600 0.11 543 546 668 546 669 673 544 674
P0000__1__3075___600 0.11 351 355 476 354 477 481 352 482
P0000__1__3075___600 0.1 223 355 349 354 349 481 224 482
P0000__1__1800___3000 0.5 414 292 538 291 540 417 416 419
P0000__1__1800___3000 0.47 351 356 475 354 476 481 352 482
P0000__1__1800___3000 0.35 351 228 475 227 476 354 352 355
P0000__1__1800___3000 0.32 287 292 411 290 413 417 288 419
P0000__1__1800___3000 0.31 479 356 602 355 603 481 480 483
P0000__1__1800___3000 0.3 415 420 538 418 539 545 416 547
P0000__1__1800___3000 0.23 287 419 411 418 412 545 288 546
P0000__1__1800___3000 0.2 479 228 603 226 604 353 480 355
P0000__1__1800___3000 0.18 351 483 475 482 476 609 352 611
P0000__1__1800___3000 0.18 415 163 539 162 540 289 416 290
P0000__1__1800___3000 0.17 223 355 348 354 349 481 224 482
P0000__1__1800___3000 0.14 287 163 412 162 413 289 288 290
P0000__1__1800___3000 0.14 287 547 412 546 413 673 288 674
P0000__1__1800___3000 0.13 223 483 348 482 349 609 224 610
P0000__1__1800___3000 0.13 543 291 667 290 668 417 544 418
P0000__1__1800___3000 0.13 351 99 476 98 477 225 352 226
P0000__1__1800___3000 0.12 223 227 348 226 349 353 224 354
P0000__1__1800___3000 0.1 479 483 603 482 603 610 480 610
P0000__1__1800___3000 0.1 543 419 667 418 668 545 544 546
P0000__1__1800___3000 0.1 223 610 349 609 350 736 224 737
P0000__1__1800___600 0.44 159 548 283 546 284 673 160 674
P0000__1__1800___600 0.34 95 484 219 482 220 609 96 611
P0000__1__1800___600 0.28 95 611 220 610 221 737 96 738
P0000__1__1800___600 0.24 159 420 283 418 284 545 160 546
P0000__1__1800___600 0.23 223 483 347 482 348 609 224 610
P0000__1__1800___600 0.22 223 611 347 610 348 737 224 738
P0000__1__1800___600 0.18 31 547 156 545 157 673 32 675
P0000__1__1800___600 0.16 95 355 220 354 221 481 96 482
P0000__1__1800___600 0.14 159 291 284 290 285 417 160 418
P0000__1__1800___600 0.14 159 675 283 674 284 800 160 800
P0000__1__1800___600 0.12 31 419 156 418 157 545 32 546
P0000__1__1800___600 0.12 223 355 348 354 349 481 224 482
P0000__1__1800___600 0.12 287 547 411 546 412 673 288 673
P0000__1__1800___600 0.11 223 227 349 226 350 352 224 353
P0000__1__1800___600 0.11 159 163 285 162 285 289 160 289
P0000__1__1800___600 0.1 223 98 349 98 350 224 224 225
P0000__1__1800___3600 0.14 287 162 413 162 414 288 288 289
P0000__1__1800___3600 0.11 223 98 349 98 350 224 224 225
P0000__1__1800___3600 0.11 351 226 477 225 478 353 352 353
P0000__1__1800___3600 0.11 351 98 477 98 478 224 352 225
P0000__1__1800___3600 0.11 287 290 413 290 414 416 288 417
P0000__1__3075___3000 0.4 159 484 283 483 284 609 160 610
P0000__1__3075___3000 0.36 287 227 411 226 412 353 288 354
P0000__1__3075___3000 0.31 351 163 476 162 477 289 352 290
P0000__1__3075___3000 0.3 223 420 347 418 348 545 224 546
P0000__1__3075___3000 0.26 223 291 347 290 348 417 224 418
P0000__1__3075___3000 0.26 223 547 347 546 348 673 224 674
P0000__1__3075___3000 0.26 95 547 218 546 220 673 96 674
P0000__1__3075___3000 0.25 95 420 219 419 220 546 96 547
P0000__1__3075___3000 0.25 223 163 348 162 349 289 224 290
P0000__1__3075___3000 0.25 287 355 411 354 412 481 288 482
P0000__1__3075___3000 0.24 351 291 475 290 476 417 352 418
P0000__1__3075___3000 0.23 158 355 282 354 284 481 160 483
P0000__1__3075___3000 0.21 159 611 283 610 284 737 160 738
P0000__1__3075___3000 0.2 287 99 412 98 413 225 288 226
P0000__1__3075___3000 0.2 415 227 540 226 541 353 416 354
P0000__1__3075___3000 0.18 287 483 411 482 412 609 288 610
P0000__1__3075___3000 0.17 415 99 540 98 541 225 416 226
P0000__1__3075___3000 0.16 159 227 284 226 285 353 160 354
P0000__1__3075___3000 0.14 31 483 155 482 157 610 32 611
P0000__1__3075___3000 0.13 351 419 476 418 477 545 352 545
P0000__1__3075___3000 0.13 479 163 604 162 605 289 480 289
P0000__1__3075___3000 0.11 415 355 540 354 541 481 416 482
P0000__1__3075___3000 0.11 287 611 411 610 412 737 288 738
P0000__1__3075___3000 0.11 30 611 154 610 156 738 32 739
P0000__1__3075___3000 0.1 95 675 219 674 220 799 96 801
P0000__1__3075___3000 0.1 351 34 477 34 477 161 352 162
P0000__1__1800___1200 0.21 607 419 733 418 734 545 608 546
P0000__1__1800___1200 0.16 543 483 669 482 670 609 544 610
P0000__1__1800___1200 0.13 607 547 732 546 733 673 608 674
P0000__1__1800___1200 0.13 159 35 285 34 286 160 160 161
P0000__1__1800___1200 0.13 671 482 797 481 797 609 672 610
P0000__1__1800___1200 0.12 543 354 669 353 669 481 544 482
P0000__1__1800___1200 0.11 95 98 221 97 221 225 96 226
P0000__1__1800___1200 0.11 671 354 797 353 797 481 672 481
P0000__1__1800___1200 0.11 95 291 221 290 222 417 96 418
P0000__1__1800___1200 0.1 479 418 605 417 606 545 480 546
P0000__1__600___600 0.11 159 546 285 546 286 672 160 673
P0000__1__3000___600 0.29 415 484 540 482 541 609 416 610
P0000__1__3000___600 0.28 479 547 604 546 605 673 480 674
P0000__1__3000___600 0.23 351 547 476 546 477 673 352 674
P0000__1__3000___600 0.2 351 419 476 418 477 545 352 546
P0000__1__3000___600 0.2 287 483 412 482 413 609 288 610
P0000__1__3000___600 0.18 543 483 668 482 669 609 544 610
P0000__1__3000___600 0.18 479 419 604 418 605 545 480 546
P0000__1__3000___600 0.17 415 611 540 610 541 737 416 738
P0000__1__3000___600 0.15 223 418 349 418 350 545 224 546
P0000__1__3000___600 0.14 543 610 668 609 669 737 544 737
P0000__1__3000___600 0.12 287 355 412 354 413 481 288 482
P0000__1__3000___600 0.12 223 546 349 546 349 673 224 674
P0000__1__3000___600 0.11 415 355 540 354 541 481 416 482
P0000__1__3000___600 0.11 287 611 412 610 413 737 288 738
P0000__1__3000___600 0.11 159 354 285 354 286 481 160 481
P0000__1__3000___600 0.1 159 482 285 482 286 609 160 610
P0000__1__3000___600 0.1 607 546 732 546 733 673 608 673
P0000__1__2400___3600 0.28 287 163 412 162 413 289 288 290
P0000__1__2400___3600 0.25 479 547 605 546 605 673 480 674
P0000__1__2400___3600 0.22 543 483 668 482 669 608 544 609
P0000__1__2400___3600 0.2 607 547 733 546 733 672 608 673
P0000__1__2400___3600 0.2 223 99 348 98 349 225 224 226
P0000__1__2400___3600 0.19 223 227 348 226 349 353 224 354
P0000__1__2400___3600 0.17 543 610 668 610 669 737 544 737
P0000__1__2400___3600 0.17 415 483 540 482 541 609 416 610
P0000__1__2400___3600 0.17 351 99 476 98 477 225 352 226
P0000__1__2400___3600 0.16 415 611 541 610 542 737 416 738
P0000__1__2400___3600 0.15 351 546 477 546 478 673 352 674
P0000__1__2400___3600 0.14 159 162 284 162 285 289 160 290
P0000__1__2400___3600 0.14 351 227 476 226 477 353 352 354
P0000__1__2400___3600 0.13 479 419 604 418 605 545 480 546
P0000__1__2400___3600 0.13 607 419 732 418 733 544 608 545
P0000__1__2400___3600 0.11 287 291 412 290 413 417 288 418
P0000__1__2400___3600 0.11 671 482 797 481 798 608 672 609
P0000__1__2400___3600 0.11 607 162 732 162 733 289 608 290
P0000__1__2400___3600 0.11 287 34 412 34 413 161 288 162
P0000__1__2400___3600 0.1 415 162 540 162 541 289 416 290
P0000__1__3075___1800 0.25 95 35 220 34 221 160 96 161
P0000__1__3075___1800 0.17 159 99 284 98 285 225 160 225
P0000__1__3075___1800 0.13 31 99 156 98 157 225 32 226
P0000__1__3075___1800 0.12 223 35 348 34 349 160 224 161
P0000__1__0___2400 0.11 415 162 541 162 542 288 416 289
P0000__1__0___2400 0.1 479 98 605 98 606 224 480 225
P0000__1__0___2400 0.1 351 226 477 225 478 353 352 353
P0000__1__0___3600 0.15 607 611 732 610 733 736 608 737
P0000__1__0___3600 0.1 607 482 733 482 733 609 608 610
P0000__1__0___3600 0.1 671 546 797 545 797 673 672 673
P0000__1__0___3600 0.1 543 546 668 545 669 673 544 674
P0000__1__2400___1200 0.28 95 419 220 418 221 545 96 546
P0000__1__2400___1200 0.19 159 483 284 482 285 609 160 609
P0000__1__2400___1200 0.18 159 355 284 354 285 481 160 482
P0000__1__2400___1200 0.17 31 483 156 482 157 609 32 610
P0000__1__2400___1200 0.15 31 355 156 354 157 481 32 482
P0000__1__2400___1200 0.14 223 419 348 418 349 544 224 545
P0000__1__2400___1200 0.13 95 547 220 546 221 673 96 674
P0000__1__2400___1200 0.12 95 290 220 290 221 417 96 418
P0000__1__2400___1200 0.1 223 290 348 289 349 417 224 417
P0000__1__2400___1200 0.1 351 162 477 161 478 288 352 289
