P0000__1__3000___1200 0.56 571 20 580 21 577 50 568 49
P0000__1__3000___1200 0.56 563 12 572 13 569 42 560 41
P0000__1__3000___1200 0.55 579 20 588 21 585 50 576 49
P0000__1__3000___1200 0.54 555 12 564 13 561 42 552 41
P0000__1__3000___1200 0.53 587 20 596 21 593 50 584 49
P0000__1__3000___1200 0.48 595 20 604 21 601 50 592 49
P0000__1__3000___1200 0.48 547 12 556 13 553 42 544 41
P0000__1__3000___1200 0.43 555 37 568 36 569 54 556 55
P0000__1__3000___1200 0.41 603 20 612 21 609 50 600 49
P0000__1__3000___1200 0.41 572 13 585 13 585 30 572 30
P0000__1__3000___1200 0.41 539 12 548 13 545 41 536 40
P0000__1__3000___1200 0.37 572 45 585 45 585 62 572 62
P0000__1__3000___1200 0.35 588 13 601 13 601 30 588 30
P0000__1__3000___1200 0.35 588 45 601 44 601 62 588 62
P0000__1__3000___1200 0.34 539 37 553 36 553 54 540 55
P0000__1__3000___1200 0.33 530 13 539 14 537 41 528 40
P0000__1__3000___1200 0.33 611 20 620 21 617 49 608 48
P0000__1__3000___1200 0.31 547 45 561 44 561 62 548 62
P0000__1__3000___1200 0.28 563 44 572 45 569 73 560 72
P0000__1__3000___1200 0.27 580 53 593 52 593 70 580 70
P0000__1__3000___1200 0.26 522 13 531 14 529 41 520 40
P0000__1__3000___1200 0.25 570 0 579 0 577 25 568 24
P0000__1__3000___1200 0.25 604 45 617 44 617 62 604 62
P0000__1__3000___1200 0.25 556 5 569 5 570 22 556 22
P0000__1__3000___1200 0.25 618 21 627 21 625 49 616 48
P0000__1__3000___1200 0.24 604 13 617 13 618 30 604 30
P0000__1__3000___1200 0.23 596 53 609 52 609 70 596 70
P0000__1__3000___1200 0.23 586 0 595 0 593 25 584 24
P0000__1__3000___1200 0.22 524 37 537 36 537 54 524 54
P0000__1__3000___1200 0.22 540 5 554 5 554 21 540 22
P0000__1__3000___1200 0.21 532 45 545 45 545 62 532 62
P0000__1__3000___1200 0.19 562 35 585 31 587 38 563 42
P0000__1__3000___1200 0.19 570 27 593 23 595 30 571 34
P0000__1__3000___1200 0.19 514 13 523 14 521 41 512 40
P0000__1__3000___1200 0.19 554 27 578 23 579 30 555 34
P0000__1__3000___1200 0.19 570 53 579 54 577 81 568 80
P0000__1__3000___1200 0.19 578 35 601 31 603 38 579 42
P0000__1__3000___1200 0.18 626 21 635 22 633 49 624 48
P0000__1__3000___1200 0.18 540 53 553 53 553 70 540 70
P0000__1__3000___1200 0.17 569 43 593 39 595 46 571 50
P0000__1__3000___1200 0.17 546 35 569 31 571 38 547 42
P0000__1__3000___1200 0.17 586 27 609 23 611 30 587 34
P0000__1__3000___1200 0.17 596 5 610 5 610 21 596 22
P0000__1__3000___1200 0.16 588 61 601 60 602 78 588 78
P0000__1__3000___1200 0.16 538 27 561 23 563 30 539 34
P0000__1__3000___1200 0.16 585 43 609 39 610 46 587 50
P0000__1__3000___1200 0.16 554 53 563 54 561 81 552 80
P0000__1__3000___1200 0.16 618 45 627 46 625 73 616 72
P0000__1__3000___1200 0.16 524 5 538 5 538 21 524 22
P0000__1__3000___1200 0.15 593 35 617 31 618 38 595 42
P0000__1__3000___1200 0.14 505 14 515 14 513 41 503 40
P0000__1__3000___1200 0.14 610 53 619 54 617 81 608 80
P0000__1__3000___1200 0.14 538 19 561 15 562 22 539 26
P0000__1__3000___1200 0.14 620 13 634 12 634 29 620 29
P0000__1__3000___1200 0.13 530 35 553 31 554 38 531 42
P0000__1__3000___1200 0.13 553 51 577 47 578 54 555 58
P0000__1__3000___1200 0.13 516 45 530 44 530 62 516 62
P0000__1__3000___1200 0.12 633 21 643 22 641 49 631 48
P0000__1__3000___1200 0.12 508 37 522 36 522 53 508 54
P0000__1__3000___1200 0.12 577 61 587 62 585 89 576 88
P0000__1__3000___1200 0.12 601 26 625 23 626 30 603 34
P0000__1__3000___1200 0.12 626 45 635 46 633 73 624 72
P0000__1__3000___1200 0.11 601 42 625 39 626 46 602 50
P0000__1__3000___1200 0.11 524 53 538 53 538 70 524 70
P0000__1__3000___1200 0.11 522 26 545 23 546 30 523 34
P0000__1__3000___1200 0.11 601 62 611 62 609 89 599 88
P0000__1__3000___1200 0.11 612 5 626 5 626 21 612 21
P0000__1__3000___1200 0.1 497 14 507 15 505 41 495 40
P0000__1__3075___1200 0.47 499 12 508 13 505 41 496 41
P0000__1__3075___1200 0.47 491 12 500 13 497 41 488 41
P0000__1__3075___1200 0.46 507 20 516 21 513 49 504 49
P0000__1__3075___1200 0.44 482 12 492 13 489 41 480 40
P0000__1__3075___1200 0.43 515 20 524 21 521 49 512 48
P0000__1__3075___1200 0.39 523 20 532 21 529 49 520 48
P0000__1__3075___1200 0.39 474 13 483 14 481 41 472 40
P0000__1__3075___1200 0.38 491 37 505 36 505 54 492 54
P0000__1__3075___1200 0.34 530 21 539 21 537 49 528 48
P0000__1__3075___1200 0.32 466 13 475 14 473 41 464 40
P0000__1__3075___1200 0.32 500 45 513 44 513 62 500 62
P0000__1__3075___1200 0.32 508 13 521 13 521 30 508 30
P0000__1__3075___1200 0.32 476 37 489 36 489 54 476 54
P0000__1__3075___1200 0.3 516 45 529 44 529 62 516 62
P0000__1__3075___1200 0.29 484 45 497 44 497 62 484 62
P0000__1__3075___1200 0.27 538 21 547 21 545 49 536 48
P0000__1__3075___1200 0.26 458 13 467 14 465 41 456 40
P0000__1__3075___1200 0.25 524 13 537 13 538 30 524 30
P0000__1__3075___1200 0.24 508 53 521 52 522 70 508 70
P0000__1__3075___1200 0.23 492 53 505 52 505 70 492 70
P0000__1__3075___1200 0.23 532 45 545 44 546 61 532 62
P0000__1__3075___1200 0.22 460 37 473 36 474 54 460 54
P0000__1__3075___1200 0.21 468 45 481 44 482 62 468 62
P0000__1__3075___1200 0.21 524 53 537 52 538 69 524 70
P0000__1__3075___1200 0.2 449 14 459 14 457 41 447 40
P0000__1__3075___1200 0.2 492 5 506 5 506 21 492 22
P0000__1__3075___1200 0.2 546 21 555 22 553 49 544 48
P0000__1__3075___1200 0.19 506 0 515 0 513 25 504 24
P0000__1__3075___1200 0.19 476 5 490 5 490 21 476 22
P0000__1__3075___1200 0.18 476 53 489 52 490 70 476 70
P0000__1__3075___1200 0.16 490 35 513 31 515 38 491 42
P0000__1__3075___1200 0.16 490 27 513 23 515 30 491 34
P0000__1__3075___1200 0.16 500 60 513 60 514 77 500 78
P0000__1__3075___1200 0.16 516 5 530 5 530 21 516 21
P0000__1__3075___1200 0.16 441 14 451 15 449 41 439 40
P0000__1__3075___1200 0.16 516 60 530 60 530 77 516 78
P0000__1__3075___1200 0.15 506 35 529 31 531 38 507 42
P0000__1__3075___1200 0.15 540 13 554 13 554 29 540 30
P0000__1__3075___1200 0.15 473 26 497 23 498 30 475 34
P0000__1__3075___1200 0.15 498 43 521 39 522 46 499 50
P0000__1__3075___1200 0.15 506 27 529 23 531 30 507 34
P0000__1__3075___1200 0.15 473 35 497 31 498 38 475 42
P0000__1__3075___1200 0.15 460 5 474 5 474 21 460 21
P0000__1__3075___1200 0.15 554 21 563 22 561 49 552 48
P0000__1__3075___1200 0.14 540 53 554 52 554 69 540 69
P0000__1__3075___1200 0.14 513 42 537 39 538 46 515 50
P0000__1__3075___1200 0.13 484 61 497 60 498 77 484 78
P0000__1__3075___1200 0.13 452 45 466 44 466 61 452 62
P0000__1__3075___1200 0.13 548 45 562 44 562 61 548 61
P0000__1__3075___1200 0.13 444 37 458 36 458 53 444 54
P0000__1__3075___1200 0.13 532 60 546 60 546 77 532 77
P0000__1__3075___1200 0.12 474 18 497 15 498 22 475 26
P0000__1__3075___1200 0.12 522 34 545 31 546 38 523 42
P0000__1__3075___1200 0.12 460 53 474 52 474 69 460 70
P0000__1__3075___1200 0.12 522 26 545 23 546 30 523 34
P0000__1__3075___1200 0.12 433 14 443 15 441 40 431 40
P0000__1__3075___1200 0.11 532 5 546 5 546 21 532 21
P0000__1__3075___1200 0.11 457 34 481 31 482 39 458 42
P0000__1__3075___1200 0.11 556 37 570 36 570 53 556 53
P0000__1__3075___1200 0.1 508 68 522 68 522 85 508 85
P0000__1__3075___1200 0.1 444 5 458 5 459 21 444 21
P0000__1__3075___600 0.21 490 605 500 606 497 633 488 632
P0000__1__3075___600 0.21 498 605 508 606 505 633 496 632
P0000__1__3075___600 0.19 482 605 491 606 489 633 480 632
P0000__1__3075___600 0.19 506 605 516 606 513 633 504 632
P0000__1__3075___600 0.17 492 629 505 628 506 646 492 646
P0000__1__3075___600 0.17 474 605 483 606 481 633 472 632
P0000__1__3075___600 0.16 490 581 500 582 497 609 488 608
P0000__1__3075___600 0.16 514 613 523 614 521 641 512 640
P0000__1__3075___600 0.16 492 597 505 596 505 614 492 614
P0000__1__3075___600 0.16 506 629 515 630 513 657 503 656
P0000__1__3075___600 0.16 482 629 491 630 489 657 479 656
P0000__1__3075___600 0.15 466 605 475 606 473 633 463 632
P0000__1__3075___600 0.15 482 581 491 582 489 609 480 608
P0000__1__3075___600 0.14 498 637 507 638 505 665 495 664
P0000__1__3075___600 0.14 506 581 515 582 513 609 504 608
P0000__1__3075___600 0.14 490 637 499 638 497 665 487 664
P0000__1__3075___600 0.14 474 629 483 630 481 657 471 656
P0000__1__3075___600 0.13 514 589 523 590 521 617 512 616
P0000__1__3075___600 0.13 522 613 531 614 529 641 520 640
P0000__1__3075___600 0.13 498 573 507 574 505 601 496 600
P0000__1__3075___600 0.13 474 581 483 582 481 609 472 608
P0000__1__3075___600 0.12 458 605 467 606 465 633 455 632
P0000__1__3075___600 0.12 513 637 523 638 521 665 511 664
P0000__1__3075___600 0.12 516 604 530 604 530 621 516 622
P0000__1__3075___600 0.11 465 630 475 630 473 657 463 656
P0000__1__3075___600 0.11 466 581 475 582 473 609 464 608
P0000__1__3075___600 0.11 529 613 539 614 537 641 527 640
P0000__1__3075___600 0.1 521 638 531 638 529 665 519 664
P0000__1__3000___600 0.21 562 597 572 598 569 625 560 624
P0000__1__3000___600 0.2 554 597 564 598 561 625 552 624
P0000__1__3000___600 0.2 570 597 580 598 577 625 568 624
P0000__1__3000___600 0.18 546 597 555 598 553 625 544 624
P0000__1__3000___600 0.18 578 597 588 598 585 625 576 624
P0000__1__3000___600 0.17 556 621 569 620 570 638 556 638
P0000__1__3000___600 0.17 556 589 569 588 570 606 556 606
P0000__1__3000___600 0.16 570 621 579 622 577 649 568 648
P0000__1__3000___600 0.16 586 597 595 598 593 625 584 624
P0000__1__3000___600 0.16 538 598 547 598 545 625 535 624
P0000__1__3000___600 0.15 570 573 580 574 577 601 568 600
P0000__1__3000___600 0.15 578 621 587 622 585 649 576 648
P0000__1__3000___600 0.15 546 621 555 622 553 649 543 648
P0000__1__3000___600 0.14 554 573 563 574 561 601 552 600
P0000__1__3000___600 0.14 572 589 585 588 586 606 572 606
P0000__1__3000___600 0.14 562 629 571 630 569 657 559 656
P0000__1__3000___600 0.14 540 589 553 588 554 606 540 606
P0000__1__3000___600 0.14 554 629 563 630 561 657 551 656
P0000__1__3000___600 0.13 586 621 595 622 593 649 583 648
P0000__1__3000___600 0.13 594 597 603 598 601 625 592 624
P0000__1__3000___600 0.13 538 622 547 622 545 649 535 648
P0000__1__3000___600 0.13 529 606 539 607 537 633 527 632
P0000__1__3000___600 0.11 594 621 603 622 601 649 591 648
P0000__1__3000___600 0.11 562 565 571 566 569 593 560 592
P0000__1__3000___600 0.11 586 573 595 574 593 601 584 600
P0000__1__3000___600 0.11 537 574 547 574 545 601 536 600
P0000__1__3000___600 0.11 602 597 611 598 609 625 600 624
P0000__1__3000___600 0.11 529 582 539 583 537 609 527 608
P0000__1__3000___600 0.1 588 588 601 588 602 606 588 606
P0000__1__3000___600 0.1 564 644 578 644 578 661 564 662
P0000__1__3000___600 0.1 578 565 587 566 585 593 576 592
P0000__1__3000___600 0.1 521 606 531 607 529 633 519 632
